Voltage_measured,Current_measured,Temperature_measured,Current_charge,Voltage_charge,Time,SoC,SoH
3.495873446247232,0.0033701221711185,33.496253713087526,0.0,-0.007,0.0,0.0,75.31738257769408
3.182897165800991,-3.587166035563876,33.43812933688034,-3.608,1.455,2.469000000000001,-0.16332206160065782,75.31738257769408
3.572761847079972,1.514473393552526,33.42876382281051,1.507,4.284,7.875,-0.0123453458136098,75.31738257769408
3.616281540822426,1.516380760983326,33.41393895642465,1.507,4.343,13.061999999999998,0.13269766229918176,75.31738257769408
3.6405628248656567,1.5154152776787817,33.36019968791717,1.507,4.37,18.25,0.2776762661664648,75.31738257769408
3.659582324324884,1.51504949817116,33.29581426804351,1.507,4.392,23.468999999999998,0.42348596175696446,75.31738257769408
3.676538256935354,1.5150375383542949,33.22546115214678,1.507,4.408,28.656,0.5684004895726613,75.31738257769408
3.691391209028271,1.5137675078459651,33.14763340418375,1.507,4.424,33.858999999999995,0.7136401716311136,75.31738257769408
3.704872804107428,1.5173542621679466,33.07927931261427,1.507,4.435,39.031,0.8583565847202542,75.31738257769408
3.717410122826743,1.519327749460222,33.00965929961383,1.507,4.446,44.266,1.0050262971686168,75.31738257769408
3.728775898851653,1.5159309402332029,32.941428074820195,1.507,4.462,49.437,1.1495790076022063,75.31738257769408
3.739260805734078,1.517127953146148,32.857385593625615,1.507,4.473,54.687,1.2964560092506972,75.31738257769408
3.748941899642968,1.5169833672183852,32.781859781706544,1.507,4.484,59.875,1.4415846310276181,75.31738257769408
3.758032295717143,1.5132820954862916,32.71559310012682,1.507,4.489,65.047,1.5859126645732575,75.31738257769408
3.7665284373029966,1.516343488500809,32.623636128746185,1.507,4.5,70.203,1.7300852822629758,75.31738257769408
3.774941365961736,1.5140637580356149,32.53556299732483,1.507,4.505,75.375,1.874487866230494,75.31738257769408
3.782262304898269,1.51596103398352,32.472368234377285,1.507,4.516,80.547,2.019071401328982,75.31738257769408
3.789062066376612,1.5171425220847998,32.40647571725379,1.507,4.521,85.719,2.1637676198820777,75.31738257769408
3.795502077745749,1.5124333517087127,32.33378939738505,1.507,4.527,90.906,2.3084330552043317,75.31738257769408
3.801570302634184,1.514123623657013,32.26490831033335,1.507,4.532,96.062,2.45239461007888,75.31738257769408
3.807163675487238,1.5152193026977456,32.192345441533185,1.507,4.538,101.219,2.5964882825372575,75.31738257769408
3.812274474412584,1.514751459098766,32.1279885895489,1.507,4.543,106.406,2.741375446647975,75.31738257769408
3.816882825469051,1.5145022454829444,32.065107375093774,1.507,4.548,111.562,2.885373000555838,75.31738257769408
3.820958186819949,1.5157277544456709,31.989963676098498,1.507,4.554,116.75,3.0303814988329716,75.31738257769408
3.824503552468274,1.5140385268177643,31.92601420108509,1.507,4.559,121.906,3.1743349627741897,75.31738257769408
3.827982660962761,1.5144828964914678,31.865921658016735,1.507,4.559,127.062,3.3183306769968017,75.31738257769408
3.8306603837553888,1.5170653991602967,31.8053286957815,1.507,4.565,132.23399999999998,3.463019540014489,75.31738257769408
3.83328054417276,1.51780950962585,31.73064988831022,1.507,4.57,137.406,3.6077793719549947,75.31738257769408
3.835770152501385,1.5140102839720273,31.676022810101426,1.507,4.57,142.562,3.7517301505910474,75.31738257769408
3.8381408410099422,1.5115874245893872,31.63867992179666,1.507,4.57,147.73399999999998,3.8958965562955945,75.31738257769408
3.8402716995632575,1.5144053480308526,31.58134412112159,1.507,4.575,152.891,4.03991282364373,75.31738257769408
3.842129880836081,1.5168505965848813,31.517560154008333,1.507,4.575,158.047,4.184133656728236,75.31738257769408
3.843807231028007,1.5129922647370737,31.451167290630707,1.507,4.575,163.234,4.32885255251965,75.31738257769408
3.84519538306621,1.5161470534263048,31.383478842350925,1.507,4.575,168.391,4.473034451817116,75.31738257769408
3.847166831485693,1.5144299510593306,31.334707863455154,1.507,4.581,173.609,4.618756594829646,75.31738257769408
3.84862447276762,1.512883184404427,31.27280910334289,1.507,4.581,178.781,4.763046582559388,75.31738257769408
3.850434013149265,1.515797126952653,31.230299736105994,1.507,4.586,183.953,4.907614485159798,75.31738257769408
3.8520036778396576,1.5152668289230808,31.18361840717039,1.507,4.586,189.109,5.051684734994964,75.31738257769408
3.853465946295713,1.5124823377725365,31.12315852475245,1.507,4.586,194.297,5.196382746776964,75.31738257769408
3.855218139187461,1.513878649356552,31.08316719078423,1.507,4.592,199.453,5.340321009708472,75.31738257769408
3.8571176079734792,1.5135592053601368,31.030022359814115,1.507,4.592,204.625,5.484675472380107,75.31738257769408
3.858607339173022,1.51495469892304,30.989751121091334,1.507,4.592,209.781,5.628716045166829,75.31738257769408
3.860043237103882,1.5152007923393354,30.92693160632072,1.507,4.592,214.937,5.772780016301151,75.31738257769408
3.861656512401154,1.5163198046150972,30.87505599616818,1.507,4.597,220.094,5.916978343816744,75.31738257769408
3.8636450617906672,1.5136857371080634,30.836595048832248,1.507,4.597,225.312,6.062628876748026,75.31738257769408
3.865146428042564,1.5149817739680835,30.79408713752025,1.507,4.597,230.484,6.207119015729043,75.31738257769408
3.866815164828817,1.5139053116784835,30.740465327673665,1.507,4.597,235.656,6.351506488005743,75.31738257769408
3.868495610397624,1.514527053616669,30.703375914868623,1.507,4.602,240.828,6.495953258407742,75.31738257769408
3.8697088778947455,1.5121270051354312,30.653847507395422,1.507,4.602,246.047,6.641481690699306,75.31738257769408
3.871687197357993,1.514811996003631,30.612257438591257,1.507,4.608,251.203,6.785508695416791,75.31738257769408
3.873186392840223,1.5163812812437465,30.56870691426712,1.507,4.608,256.375,6.930132311251615,75.31738257769408
3.874587538243539,1.5154063628725074,30.52022103174541,1.507,4.608,261.547,7.074662945049708,75.31738257769408
3.875885251415093,1.514025909283175,30.47717764321062,1.507,4.613,266.703,7.218615209326728,75.31738257769408
3.877655637372668,1.5141964297485966,30.4454188663516,1.507,4.613,271.875,7.363030446749606,75.31738257769408
3.8792611063974087,1.5166602777441192,30.406248344688883,1.507,4.619,277.047,7.507680671645877,75.31738257769408
3.8807775758983696,1.5141687192087376,30.370067937147272,1.507,4.619,282.219,7.652093266198838,75.31738257769408
3.8822089760939846,1.515829471309468,30.329552985813528,1.507,4.619,287.375,7.796217011581868,75.31738257769408
3.8839421441255455,1.5159694060836049,30.28327116312964,1.507,4.619,292.531,7.940354061841299,75.31738257769408
3.885099668834477,1.5121862006831124,30.245869269773863,1.507,4.619,297.719,8.085023742417714,75.31738257769408
3.886922593104853,1.5170738279761165,30.19501178065684,1.507,4.624,302.891,8.22971340932677,75.31738257769408
3.888381654512096,1.5123543012584746,30.16369145352856,1.507,4.624,308.031,8.373060521876523,75.31738257769408
3.889648682758792,1.516555568193592,30.13414901640381,1.507,4.624,313.203,8.517700760185647,75.31738257769408
3.891361890116237,1.5160228633874298,30.08805632110808,1.507,4.624,318.344,8.66142355021864,75.31738257769408
3.892393438640448,1.517413647042986,30.05724915774952,1.507,4.624,323.5,8.805697917650114,75.31738257769408
3.894138099816575,1.5146159984178884,30.010619096410768,1.507,4.629,328.703,8.951019008841907,75.31738257769408
3.895416345583824,1.5170618114756065,29.97459650052498,1.507,4.629,333.859,9.095259924054194,75.31738257769408
3.896942527396213,1.513049724692508,29.94273429537132,1.507,4.629,339.094,9.24132358156296,75.31738257769408
3.898317560075325,1.5162354984494002,29.90430525731022,1.507,4.635,344.25,9.385485931652685,75.31738257769408
3.899479406478696,1.5189098970099548,29.8675038732535,1.507,4.635,349.406,9.529902561227328,75.31738257769408
3.901058982124429,1.5160826229002595,29.831157615010607,1.507,4.635,354.562,9.67405037604304,75.31738257769408
3.902339208918393,1.5161349134430957,29.8007453136556,1.507,4.635,359.719,9.818231120857615,75.31738257769408
3.9035161434359993,1.5136609221782602,29.75951467411116,1.507,4.635,364.875,9.962148682478718,75.31738257769408
3.9049643919933295,1.514718264190751,29.73030187306177,1.507,4.64,370.031,10.106166775257101,75.31738257769408
3.9062306185819233,1.5141053233444424,29.70441758297321,1.507,4.64,375.187,10.250126590153876,75.31738257769408
3.9079637393487583,1.5166113155458434,29.68176990504626,1.507,4.64,380.344,10.394352639650373,75.31738257769408
3.90918780716479,1.5144517208002068,29.64477322277409,1.507,4.64,385.5,10.538345389715424,75.31738257769408
3.910307204833494,1.5151318186709786,29.60492138200772,1.507,4.646,390.672,10.682849839086405,75.31738257769408
3.911519906664828,1.518612466306701,29.573704614269925,1.507,4.646,395.828,10.827238189208936,75.31738257769408
3.913050018478359,1.5151690436832854,29.545074872227552,1.507,4.646,401.016,10.972193236060914,75.31738257769408
3.9140952271184783,1.5154355903739491,29.52175723950956,1.507,4.646,406.172,11.116279531587786,75.31738257769408
3.915205558142452,1.5145110221269051,29.48642659960244,1.507,4.646,411.687,11.270304184794755,75.31738257769408
3.916482759653201,1.5146957848274372,29.44681984523725,1.507,4.651,417.0,11.418705420512277,75.31738257769408
3.9178683258926976,1.516535080859206,29.418831798893123,1.507,4.651,422.281,11.566391959497924,75.31738257769408
3.918927002698564,1.5133011362862248,29.39200903019896,1.507,4.651,427.578,11.714210059468243,75.31738257769408
3.919848080399001,1.516023333382211,29.3669624191856,1.507,4.651,432.906,11.863160703835842,75.31738257769408
3.921481828944164,1.5150754349837776,29.321537347244632,1.507,4.656,438.187,12.01070509639164,75.31738257769408
3.922807757271421,1.5177615285565218,29.305040388417048,1.507,4.656,443.484,12.15895888407454,75.31738257769408
3.923363361648183,1.5171714316907512,29.25804363733088,1.507,4.656,448.812,12.30802233012473,75.31738257769408
3.924730104446052,1.514859176820352,29.23787897672345,1.507,4.656,454.156,12.457305550822621,75.31738257769408
3.9256202664357343,1.5120156700062188,29.206304435943174,1.507,4.656,459.5,12.606308555470209,75.31738257769408
3.926809006600351,1.5174193732548775,29.18747888718661,1.507,4.656,464.844,12.755844073130888,75.31738257769408
3.927879665852078,1.515563584796335,29.153731099521536,1.507,4.662,470.187,12.905168762650485,75.31738257769408
3.929009865433892,1.515385223908167,29.119091825948644,1.507,4.662,475.531,13.05450382315283,75.31738257769408
3.930202848407676,1.5183266441494276,29.09235563910536,1.507,4.662,480.812,13.202364832076594,75.31738257769408
3.931031771197077,1.5145193475072851,29.06711224620009,1.507,4.662,486.109,13.350301925989191,75.31738257769408
3.932102876186604,1.5171779984313547,29.040742106746173,1.507,4.662,491.422,13.498946354808474,75.31738257769408
3.93338898686168,1.5141788622714016,29.01895493230945,1.507,4.662,496.781,13.648581366106274,75.31738257769408
3.934430374150125,1.5171183542923568,28.99643219554777,1.507,4.667,502.125,13.798087219570501,75.31738257769408
3.934992725951618,1.5160242977886245,28.96649812277882,1.507,4.667,507.469,13.947485258208768,75.31738257769408
3.936554406720505,1.517534865855931,28.94208917240259,1.507,4.667,512.812,14.097004173120908,75.31738257769408
3.937180770087768,1.5119821554703292,28.920063362833357,1.507,4.667,518.187,14.246868207150312,75.31738257769408
3.938212655857596,1.5168422153705634,28.88335409306637,1.507,4.667,523.578,14.39766149946728,75.31738257769408
3.939150659049599,1.5159881740574663,28.86398170046243,1.507,4.672,528.844,14.544875445072575,75.31738257769408
3.940439163526361,1.5144720925935995,28.831158429089264,1.507,4.672,534.141,14.692807923161268,75.31738257769408
3.941120974209927,1.5156673118059245,28.81847564269014,1.507,4.672,539.437,14.840829199713568,75.31738257769408
3.942125902375903,1.5150414775210062,28.79581177892515,1.507,4.672,544.781,14.990130385405262,75.31738257769408
3.94285416392044,1.5161847370303854,28.768707219794248,1.507,4.672,550.094,15.13867750014949,75.31738257769408
3.9442292434322983,1.514724841174248,28.739992281289148,1.507,4.678,555.406,15.2870536503846,75.31738257769408
3.944793483415277,1.514212149506249,28.722808656693065,1.507,4.672,560.687,15.434513972584268,75.31738257769408
3.945868913295036,1.5152311526112567,28.701114111751973,1.507,4.678,565.984,15.582520595076138,75.31738257769408
3.946532316948492,1.5127057979384526,28.690660871133357,1.507,4.678,571.297,15.730726863252094,75.31738257769408
3.947671123517635,1.5142904778679176,28.65102666585823,1.507,4.678,576.641,15.879954040977456,75.31738257769408
3.948317841960972,1.5167881069749023,28.64769512569314,1.507,4.678,581.906,16.027217695829144,75.31738257769408
3.949315623417548,1.5145797637308325,28.624675667249807,1.507,4.678,587.203,16.175160691152346,75.31738257769408
3.949920220846663,1.5182097352790462,28.60516698348153,1.507,4.683,592.484,16.323010315000577,75.31738257769408
3.950873330940692,1.5147645408744426,28.58926992586897,1.507,4.683,597.797,16.471418287042606,75.31738257769408
3.95165394830432,1.5150815647210796,28.565869649540375,1.507,4.683,603.156,16.621142505695378,75.31738257769408
3.9524541129425854,1.513419534241608,28.5383154712986,1.507,4.683,608.5,16.770283855462885,75.31738257769408
3.95340593830556,1.5163945056517572,28.517318000002184,1.507,4.683,613.812,16.91882355909108,75.31738257769408
3.9542781764269006,1.5172869394843578,28.50291506611364,1.507,4.683,619.094,17.066611296722737,75.31738257769408
3.955034108316126,1.5177801962349904,28.47385250320352,1.507,4.683,624.391,17.214866907850222,75.31738257769408
3.955695592442591,1.51569562660338,28.461771092350656,1.507,4.683,629.687,17.362890949648182,75.31738257769408
3.956577255367189,1.5168698877732585,28.444386846681187,1.507,4.689,635.0,17.5115051915462,75.31738257769408
3.9573756962140263,1.516962607435584,28.42082981148927,1.507,4.689,640.344,17.660995696790117,75.31738257769408
3.9582176507173,1.5149297871946488,28.393828267054,1.507,4.689,645.641,17.808972882138104,75.31738257769408
3.958932808206605,1.5130933622409592,28.390013346598234,1.507,4.689,650.953,17.95718921947735,75.31738257769408
3.959724665911357,1.5147082122741475,28.36447726912297,1.507,4.689,656.297,18.106457563232212,75.31738257769408
3.960688547782378,1.5145045742958776,28.347596122210284,1.507,4.689,661.625,18.255258988165274,75.31738257769408
3.961074716436031,1.516032999196952,28.326776827688004,1.507,4.689,666.969,18.404657884292003,75.31738257769408
3.962185924882424,1.514614895530147,28.296865600706944,1.507,4.694,672.328,18.554335985506867,75.31738257769408
3.962899899258305,1.5138023573170647,28.28566544954789,1.507,4.694,677.641,18.702649688303328,75.31738257769408
3.9636819106513816,1.5132113843848876,28.275655795807904,1.507,4.694,682.969,18.851324056174477,75.31738257769408
3.964014412784761,1.517514757085801,28.26761095387364,1.507,4.694,688.25,18.99910600013496,75.31738257769408
3.965189313960882,1.517210083098364,28.24212236106316,1.507,4.694,693.547,19.147305923046403,75.31738257769408
3.9656628961591687,1.5133147627873502,28.2171634233295,1.507,4.694,698.844,19.295125354042955,75.31738257769408
3.966560507484396,1.5146911559308365,28.19617952007849,1.507,4.694,704.187,19.444364085328413,75.31738257769408
3.967318466509207,1.5153268644968108,28.16672729301909,1.507,4.699,709.5,19.592827150624988,75.31738257769408
3.967955574738749,1.5153697442175722,28.165025647836284,1.507,4.699,714.844,19.742160685666686,75.31738257769408
3.968554391941163,1.5152366767974803,28.1538274235248,1.507,4.699,720.094,19.888854588059242,75.31738257769408
3.96957644933715,1.5139822247777197,28.137438567405837,1.507,4.699,725.391,20.036739216233567,75.31738257769408
3.970334895805652,1.5141206817413528,28.122632198075014,1.507,4.699,730.687,20.184609447662226,75.31738257769408
3.971238312105601,1.5158939404976923,28.09373700650197,1.507,4.699,736.031,20.333994640118792,75.31738257769408
3.971889615566723,1.515030649381748,28.073426907903198,1.507,4.699,741.281,20.48066859647514,75.31738257769408
3.9725134413288377,1.511584420357843,28.068481771218583,1.507,4.699,746.547,20.62745490420787,75.31738257769408
3.9737404274293504,1.5128692914906012,28.059757168619235,1.507,4.699,751.844,20.77523082190816,75.31738257769408
3.9741121332596174,1.517377784491214,28.03288507926578,1.507,4.699,757.187,20.924734259986298,75.31738257769408
3.9750697871788025,1.5113606018318924,28.025569546700524,1.507,4.705,762.531,21.073672710325244,75.31738257769408
3.97541352783001,1.5141228254816133,28.004560141427675,1.507,4.705,767.844,21.22201781076083,75.31738257769408
3.976272563934214,1.516231698411571,27.99375841764062,1.507,4.705,773.187,21.37140832784395,75.31738257769408
3.976914709176268,1.5178912210710225,27.9748598659542,1.507,4.705,778.469,21.51925492409111,75.31738257769408
3.977781923053022,1.51756496460093,27.95917468312924,1.507,4.705,783.828,21.66922455864443,75.31738257769408
3.978559720890059,1.5150796101671042,27.96066112242165,1.507,4.705,789.141,21.817663399374972,75.31738257769408
3.979138792680663,1.518469363091143,27.93509672192589,1.507,4.705,794.406,21.9650902859393,75.31738257769408
3.9800885841113622,1.5151592257027704,27.92321867000482,1.507,4.71,799.719,22.113536926944985,75.31738257769408
3.9807344117049848,1.519799185056342,27.903563991390108,1.507,4.71,805.0,22.26154133807078,75.31738257769408
3.981386844959636,1.5175421758516168,27.892761902512337,1.507,4.71,810.344,22.41108895742872,75.31738257769408
3.9823682324817233,1.5157401949086868,27.87448612295241,1.507,4.71,815.594,22.55783160668557,75.31738257769408
3.983364015310853,1.5146068017205223,27.85401241693856,1.507,4.71,820.906,22.70619619426637,75.31738257769408
3.9837408152942073,1.5153628542042663,27.849681426164,1.507,4.71,826.156,22.852902312213413,75.31738257769408
3.984827138387161,1.514180686433903,27.84383511546296,1.507,4.71,831.484,23.001671914875224,75.31738257769408
3.985249555709319,1.515251327096026,27.834891175806323,1.507,4.71,836.766,23.14926137850758,75.31738257769408
3.985939489406931,1.513639675928531,27.818778014174352,1.507,4.716,842.078,23.297531230465175,75.31738257769408
3.986859954599994,1.5143282629316086,27.797041609555432,1.507,4.716,847.328,23.44413718700939,75.31738257769408
3.987698581415544,1.5142364731600928,27.793930211793104,1.507,4.716,852.687,23.593777891561928,75.31738257769408
3.988327750700608,1.5138062973838136,27.779019411570253,1.507,4.716,857.969,23.741226605500593,75.31738257769408
3.9893224785397456,1.5177674701863866,27.77635128987393,1.507,4.716,863.297,23.89034861286447,75.31738257769408
3.990140218191184,1.517345980562129,27.75924675846321,1.507,4.721,868.578,24.038114120660072,75.31738257769408
3.9905789645185017,1.5146540655577858,27.74315623227826,1.507,4.716,873.906,24.186930233242922,75.31738257769408
3.991510717217648,1.5146387538088004,27.741491729422897,1.507,4.721,879.219,24.335325881387206,75.31738257769408
3.992113094578118,1.5150307781833856,27.72541695738702,1.507,4.721,884.531,24.483731999940254,75.31738257769408
3.992983133083616,1.516329156533451,27.70796518126625,1.507,4.721,889.844,24.63229326408196,75.31738257769408
3.9936480962059,1.515596479439797,27.69328914829232,1.507,4.721,895.125,24.779888398129554,75.31738257769408
3.99443474044406,1.5172794883939134,27.682115327464928,1.507,4.721,900.422,24.928095100497288,75.31738257769408
3.995331668409313,1.516650260583084,27.682468324414536,1.507,4.721,905.719,25.076240340372717,75.31738257769408
3.9958254581671455,1.513809791549012,27.660085427905496,1.507,4.721,911.031,25.22452685614949,75.31738257769408
3.996333948662069,1.5140111689284297,27.65852530148545,1.507,4.726,916.297,25.37154881956752,75.31738257769408
3.99734125802697,1.5162291702359032,27.63050921304092,1.507,4.726,921.641,25.520967047553572,75.31738257769408
3.998050910833476,1.515360236237915,27.624073672225045,1.507,4.726,926.953,25.66940543844841,75.31738257769408
3.9986860025220863,1.5172383099488085,27.613608316620983,1.507,4.726,932.25,25.81760811853706,75.31738257769408
3.999539381345024,1.5174302577401473,27.602812139454127,1.507,4.726,937.547,25.96582954793946,75.31738257769408
4.000332824408003,1.516162433964364,27.59972210661365,1.507,4.726,942.812,26.11303245673582,75.31738257769408
4.001011553471479,1.5136086051085609,27.59564106047076,1.507,4.726,948.141,26.261773763570538,75.31738257769408
4.001602208083516,1.5183803182356277,27.585139942994303,1.507,4.726,953.391,26.408772009856918,75.31738257769408
4.002460415572254,1.5179258525993846,27.565830137954936,1.507,4.732,958.75,26.558777308281318,75.31738257769408
4.0030957058422585,1.516493535123712,27.553482999579305,1.507,4.732,964.016,26.706040328277687,75.31738257769408
4.003780986464613,1.515651278203539,27.55469716409864,1.507,4.732,969.344,26.854954417892213,75.31738257769408
4.004636153806129,1.5152046816940674,27.545371949565936,1.507,4.732,974.625,27.002511397034073,75.31738257769408
4.005525637120964,1.5133605671243793,27.536944280383786,1.507,4.732,979.875,27.149023668494987,75.31738257769408
4.006020625455686,1.5141008290561475,27.514856373971824,1.507,4.732,985.203,27.29778542509822,75.31738257769408
4.006844374393596,1.5148197949148503,27.51102981862985,1.507,4.732,990.469,27.44488591223036,75.31738257769408
4.007545187518555,1.5147930869332182,27.509276683558817,1.507,4.737,995.734,27.591955872299312,75.31738257769408
4.008282348699577,1.5140795764275283,27.49696835287426,1.507,4.737,1001.078,27.7411622665441,75.31738257769408
4.008698937739279,1.515137488146979,27.49124291618,1.507,4.737,1006.344,27.88829360409777,75.31738257769408
4.009438221821878,1.5172796282347534,27.4894716076493,1.507,4.737,1011.656,28.036920010655614,75.31738257769408
4.010269506682116,1.5156208652259364,27.496718249788437,1.507,4.737,1016.953,28.184964699978238,75.31738257769408
4.01143673138281,1.516216353828601,27.47266705031465,1.507,4.737,1022.297,28.334381664959395,75.31738257769408
4.01166284228267,1.5177882164358856,27.469455376280525,1.507,4.737,1027.625,28.48350571066079,75.31738257769408
4.012360802551355,1.516892154969131,27.457486800175914,1.507,4.737,1032.953,28.63254171752404,75.31738257769408
4.013125609813272,1.516200814987335,27.450772588876728,1.507,4.743,1038.219,28.779776312175827,75.31738257769408
4.013936110758676,1.5165473262074929,27.44191168729833,1.507,4.743,1043.531,28.928330985470534,75.31738257769408
4.014498352893521,1.5189088963171509,27.438024050125232,1.507,4.743,1048.797,29.075828555351546,75.31738257769408
4.015371818339585,1.5130992889030177,27.438518220908897,1.507,4.743,1054.125,29.224491909741644,75.31738257769408
4.016319787040014,1.5143415571756007,27.427590728493065,1.507,4.743,1059.406,29.371964834202245,75.31738257769408
4.016640550763754,1.5148429561216117,27.41601940055988,1.507,4.743,1064.656,29.51862061949846,75.31738257769408
4.017601622107536,1.5144976501071874,27.41541844277924,1.507,4.743,1070.0,29.667868213206766,75.31738257769408
4.018219893633404,1.5159216670758433,27.406795949572818,1.507,4.748,1075.328,29.816808868769108,75.31738257769408
4.018745465015953,1.516361477861809,27.410145008369376,1.507,4.748,1080.594,29.96405906500412,75.31738257769408
4.0192876749466775,1.5158671542452482,27.395750923366016,1.507,4.748,1085.937,30.113413664462268,75.31738257769408
4.020141821134738,1.5170508882732177,27.388215748327383,1.507,4.748,1091.203,30.26073080767519,75.31738257769408
4.0209200642174885,1.517574246490847,27.38285355875229,1.507,4.748,1096.516,30.409414058614576,75.31738257769408
4.021548969027074,1.5185056652355364,27.37851326808494,1.507,4.748,1101.812,30.5577125310229,75.31738257769408
4.022268652584201,1.51509672665243,27.378701548736544,1.507,4.748,1107.156,30.70701916129216,75.31738257769408
4.023205763570593,1.512926422105817,27.363121651317066,1.507,4.748,1112.437,30.854354273971623,75.31738257769408
4.023562040919291,1.5169516981757791,27.367627212656704,1.507,4.748,1117.797,31.004291277296538,75.31738257769408
4.024542835302867,1.513817701220418,27.371447776220915,1.507,4.753,1123.094,31.15215983493536,75.31738257769408
4.025467465486768,1.5154468742314906,27.36218332273265,1.507,4.753,1128.422,31.301053841677362,75.31738257769408
4.025683904183565,1.5187893219854016,27.35283554822555,1.507,4.753,1133.734,31.449828131560725,75.31738257769408
4.026402355560622,1.5200749554645283,27.351325905410217,1.507,4.753,1139.0,31.597438934625764,75.31738257769408
4.027137779975977,1.517974950312487,27.35750080849835,1.507,4.753,1144.328,31.74658132709705,75.31738257769408
4.027927365313484,1.5175110213906249,27.34796504307738,1.507,4.753,1149.594,31.893943152724308,75.31738257769408
4.028569447190581,1.5147308810480071,27.330355965803346,1.507,4.753,1154.953,32.04363271592342,75.31738257769408
4.029542432954949,1.5142298074787843,27.334843789616052,1.507,4.759,1160.328,32.19371953181295,75.31738257769408
4.030122960201895,1.5163174927666845,27.32059841801954,1.507,4.753,1165.594,32.340965456761744,75.31738257769408
4.031163652937415,1.516040157708195,27.324402158787265,1.507,4.759,1170.953,32.490784406014726,75.31738257769408
4.031561005654614,1.5137121655390116,27.324131130457506,1.507,4.759,1176.25,32.638642655008745,75.31738257769408
4.032829313017668,1.5131339554520231,27.32001481259812,1.507,4.759,1181.516,32.78557943434736,75.31738257769408
4.033132921793054,1.5153806087765145,27.32040618999601,1.507,4.759,1186.859,32.93488609569735,75.31738257769408
4.034097012653771,1.5171248185107122,27.305360157809503,1.507,4.759,1192.172,33.083525314251965,75.31738257769408
4.03466953577456,1.5123811268117788,27.307993479420936,1.507,4.759,1197.453,33.23080732379143,75.31738257769408
4.035082330357948,1.5162050315656403,27.305391084381,1.507,4.764,1202.766,33.37935642687824,75.31738257769408
4.035827273182319,1.5169178791540867,27.295405513838947,1.507,4.764,1208.031,33.52663268119936,75.31738257769408
4.036497905344175,1.5169685444843235,27.298147821861477,1.507,4.764,1213.344,33.67525658891806,75.31738257769408
4.037411958305716,1.5169239035821784,27.290129765470937,1.507,4.764,1218.609,33.82253342814573,75.31738257769408
4.038164844877585,1.516479331809926,27.29041130938649,1.507,4.764,1223.922,33.9711094056027,75.31738257769408
4.038960280007111,1.5143507783716827,27.282709831235337,1.507,4.764,1229.187,34.11813642231321,75.31738257769408
4.03960771607789,1.515441892499056,27.29014167375808,1.507,4.764,1234.5,34.266610757396,75.31738257769408
4.040413732681725,1.515656438046762,27.2834326308599,1.507,4.77,1239.766,34.41379248891951,75.31738257769408
4.040910208514249,1.5167212800354837,27.284088045708422,1.507,4.77,1245.141,34.56412625357538,75.31738257769408
4.041861640294415,1.5151327736543063,27.28515422964531,1.507,4.77,1250.484,34.71340849635063,75.31738257769408
4.042547299149069,1.5161810967534652,27.275216350206392,1.507,4.77,1255.812,34.86237464111014,75.31738257769408
4.043223443742496,1.5144056107972956,27.26603901568133,1.507,4.77,1261.141,35.011194269161656,75.31738257769408
4.044141039773658,1.5159218174907392,27.26469115229789,1.507,4.77,1266.437,35.15924040094178,75.31738257769408
4.0447828478905485,1.5172148808196677,27.26217066120495,1.507,4.77,1271.703,35.30657346907432,75.31738257769408
4.045685152459632,1.512858313633268,27.255256880897168,1.507,4.77,1277.0,35.45434831446589,75.31738257769408
4.045936010795008,1.5149204788442077,27.25630302561009,1.507,4.775,1282.281,35.6018776167437,75.31738257769408
4.04705678333213,1.5143466124330849,27.25233765064913,1.507,4.775,1287.609,35.75066352178289,75.31738257769408
4.047602993453751,1.5173828184409377,27.25075298223882,1.507,4.775,1292.875,35.89801289793172,75.31738257769408
4.048358694251267,1.517929266186041,27.258163401957702,1.507,4.775,1298.187,36.04670294032337,75.31738257769408
4.048832599843232,1.5174604215713876,27.247358097448576,1.507,4.775,1303.484,36.19492731610578,75.31738257769408
4.049711537771059,1.5169254297629222,27.251208216519466,1.507,4.775,1308.844,36.344861723034846,75.31738257769408
4.050659414046348,1.517873465879339,27.24310995603071,1.507,4.775,1314.109,36.49223075445057,75.31738257769408
4.051372610682511,1.5144973419959291,27.24498339625417,1.507,4.78,1319.422,36.640612547873666,75.31738257769408
4.051920199638331,1.5127603402370948,27.2450329394316,1.507,4.78,1324.703,36.78793148680503,75.31738257769408
4.052984046233043,1.512478465831719,27.249255899631223,1.507,4.78,1330.016,36.93611548228049,75.31738257769408
4.053617035848473,1.5128891725177185,27.24224040876046,1.507,4.78,1335.266,37.082582116834985,75.31738257769408
4.054488453877179,1.518390427094373,27.25185997679193,1.507,4.78,1340.625,37.232633325694096,75.31738257769408
4.055169845151974,1.5187616937742434,27.240602358831204,1.507,4.78,1345.875,37.3796684939128,75.31738257769408
4.056255525227322,1.5166693623540646,27.2401953058053,1.507,4.78,1351.187,37.52823512136125,75.31738257769408
4.056606820173153,1.5178978115465696,27.235917951860152,1.507,4.786,1356.453,37.675634507245206,75.31738257769408
4.057466229607633,1.5141850123298792,27.234373646562812,1.507,4.786,1361.797,37.824851291770045,75.31738257769408
4.058228940584275,1.516113948290298,27.23391796689006,1.507,4.786,1367.125,37.973810839133165,75.31738257769408
4.059089379055359,1.5158893422480526,27.23783177008834,1.507,4.786,1372.484,38.123614884418295,75.31738257769408
4.059592659510363,1.5175781893501803,27.22604757846232,1.507,4.786,1377.828,38.27316605276028,75.31738257769408
4.060450658075131,1.5126072476994532,27.230716765203585,1.507,4.786,1383.156,38.421781063663374,75.31738257769408
4.06111721962416,1.5141834198607995,27.24071279355153,1.507,4.786,1388.437,38.569238588049814,75.31738257769408
4.062111007100064,1.5161487648683554,27.238358092369168,1.507,4.786,1393.75,38.71778217844721,75.31738257769408
4.062911244604509,1.5166557284957447,27.239057486121272,1.507,4.786,1399.031,38.86548046660509,75.31738257769408
4.063793753470541,1.5173442870932683,27.242833375700908,1.507,4.791,1404.344,39.014141187437055,75.31738257769408
4.0641666863088775,1.516309267472045,27.23894286628613,1.507,4.791,1409.609,39.161358352172584,75.31738257769408
4.064995882747263,1.5159015229652082,27.24296907789944,1.507,4.791,1414.953,39.31074429185054,75.31738257769408
4.065838952991737,1.5163114541818818,27.24130645863044,1.507,4.791,1420.219,39.457989630406956,75.31738257769408
4.066868102900418,1.5154434831144572,27.237426424860264,1.507,4.791,1425.531,39.60643617581985,75.31738257769408
4.06742804725714,1.5157238146864291,27.23803594606156,1.507,4.797,1430.797,39.753624450125905,75.31738257769408
4.068043134196294,1.5175347557853072,27.246684466659627,1.507,4.791,1436.109,39.9022758479183,75.31738257769408
4.068957435183184,1.5196309693984231,27.241168302917178,1.507,4.797,1441.391,40.050291900227236,75.31738257769408
4.069792815405743,1.5158169070192768,27.240284548137502,1.507,4.797,1446.719,40.1992222630206,75.31738257769408
4.070874065199111,1.5153825046634066,27.24470151518769,1.507,4.797,1452.047,40.34810994539514,75.31738257769408
4.07141070692782,1.516168519419624,27.23744385300572,1.507,4.797,1457.312,40.495313445023115,75.31738257769408
4.072170517744052,1.5161929320263197,27.24083309104949,1.507,4.797,1462.641,40.64430871193824,75.31738257769408
4.073236226008587,1.5162786447308303,27.23655891010471,1.507,4.797,1467.906,40.79152290353811,75.31738257769408
4.073909076468425,1.51719844921889,27.23473156392042,1.507,4.797,1473.25,40.94103665003212,75.31738257769408
4.074899331943043,1.513824703998531,27.236123513529225,1.507,4.802,1478.516,41.08804050629172,75.31738257769408
4.075562916917954,1.5156831335402867,27.237010254294287,1.507,4.802,1483.828,41.236510526864336,75.31738257769408
4.076510390969821,1.516681076952681,27.242540952848938,1.507,4.802,1489.125,41.384658776859226,75.31738257769408
4.077237279989212,1.513637147164465,27.2359348799626,1.507,4.802,1494.469,41.53382157149665,75.31738257769408
4.078240193855014,1.5127729609750595,27.240536102757424,1.507,4.807,1499.812,41.6828713078306,75.31738257769408
4.078695225817235,1.516538777785141,27.24499608637549,1.507,4.807,1505.078,41.83013872123242,75.31738257769408
4.079562438955771,1.515468690783977,27.241423061341976,1.507,4.807,1510.391,41.978615681858,75.31738257769408
4.080380715941927,1.5158375877409067,27.247077750104516,1.507,4.807,1515.656,42.125787051613464,75.31738257769408
4.081492460574049,1.5163357138484233,27.243074916519426,1.507,4.807,1520.969,42.27434895820341,75.31738257769408
4.082183200138148,1.5155017914958206,27.24843505123575,1.507,4.807,1526.25,42.42193487114237,75.31738257769408
4.082969333604625,1.514884369840668,27.251393050276903,1.507,4.807,1531.594,42.57122057451011,75.31738257769408
4.0839073936738375,1.5165117702728843,27.25759000911872,1.507,4.807,1536.859,42.71845740006868,75.31738257769408
4.084668676086917,1.5179871205989168,27.26197965167929,1.507,4.813,1542.172,42.867181102053394,75.31738257769408
4.085629254756022,1.5146870957634393,27.27242019538769,1.507,4.813,1547.469,43.015134581487615,75.31738257769408
4.086623808339396,1.5155669008099035,27.271226333462007,1.507,4.813,1552.812,43.16445959772574,75.31738257769408
4.087162374970963,1.5160090510134907,27.282915046913622,1.507,4.813,1558.062,43.311228275623385,75.31738257769408
4.0881450129112,1.5173403940511074,27.287522030940043,1.507,4.813,1563.391,43.46033630286541,75.31738257769408
4.089284049467244,1.5145803184214632,27.284728324909786,1.507,4.813,1568.719,43.60914516972635,75.31738257769408
4.089694236274422,1.515550072661722,27.289649320496288,1.507,4.818,1573.984,43.756288624889656,75.31738257769408
4.090688106474922,1.5174281561918974,27.29111747567381,1.507,4.813,1579.297,43.90495756273654,75.31738257769408
4.091589833693937,1.5135594609230043,27.304206856552195,1.507,4.818,1584.594,44.05280089566021,75.31738257769408
4.092697520253023,1.51387177126117,27.30529637263812,1.507,4.818,1589.922,44.20154014713083,75.31738257769408
4.093365837692071,1.51511427384442,27.303965276001502,1.507,4.818,1595.234,44.34995444457183,75.31738257769408
4.094286503562958,1.5166878778786537,27.30359729106289,1.507,4.824,1600.516,44.49768383202785,75.31738257769408
4.0950189737319205,1.516056800560302,27.304325207918225,1.507,4.824,1605.828,44.64619045546879,75.31738257769408
4.095787316376496,1.513766109642071,27.3109835725518,1.507,4.824,1611.094,44.793188621772124,75.31738257769408
4.096789691615195,1.5158337925670518,27.30641145699057,1.507,4.824,1616.437,44.942539934187565,75.31738257769408
4.097707878666506,1.5158350742353484,27.313826393217216,1.507,4.824,1621.703,45.089739012639356,75.31738257769408
4.098361217140898,1.51623539907536,27.321117457491404,1.507,4.824,1627.031,45.23871049265041,75.31738257769408
4.099500175508136,1.515899087835495,27.32395251391861,1.507,4.824,1632.281,45.385468524734144,75.31738257769408
4.100318143790739,1.516471004711598,27.32123568031077,1.507,4.829,1637.609,45.534463153209046,75.31738257769408
4.101117563621438,1.5164346224745215,27.32686948953923,1.507,4.829,1642.891,45.68216787292277,75.31738257769408
4.102184596097512,1.5193667582243937,27.32689642349544,1.507,4.829,1648.25,45.83231556531055,75.31738257769408
4.102858895410376,1.5155061944592152,27.329758924557925,1.507,4.829,1653.562,45.98076825366615,75.31738257769408
4.104041078352235,1.5178398335843262,27.33513713215048,1.507,4.829,1658.844,46.12860984463698,75.31738257769408
4.104673855784423,1.5150771470816418,27.33325492830766,1.507,4.829,1664.156,46.277020505294594,75.31738257769408
4.105665039856,1.5186804539604382,27.346176988621888,1.507,4.829,1669.422,46.424495891690775,75.31738257769408
4.10665442463714,1.5152063465748156,27.35765533425061,1.507,4.829,1674.75,46.57336626637603,75.31738257769408
4.107763520501472,1.513897003315615,27.34985198955219,1.507,4.834,1680.0,46.71993047158398,75.31738257769408
4.108753085904569,1.5168288085352275,27.36497025757132,1.507,4.834,1685.328,46.86896025460361,75.31738257769408
4.109513766576187,1.515384121320733,27.36145233090626,1.507,4.834,1690.594,47.01611554210837,75.31738257769408
4.110278114502006,1.5174894096207376,27.36062809878306,1.507,4.834,1695.906,47.164762497978934,75.31738257769408
4.111060595081806,1.5182091899215415,27.370025256955483,1.507,4.834,1701.156,47.31174417689958,75.31738257769408
4.1121548027588455,1.5137739969484745,27.373095731630794,1.507,4.84,1706.484,47.460473821956796,75.31738257769408
4.112824301932976,1.51601362407758,27.37206505198088,1.507,4.84,1711.734,47.60724294258437,75.31738257769408
4.113763419291408,1.514716501655216,27.368404880356383,1.507,4.84,1717.031,47.755199294363656,75.31738257769408
4.11475888260015,1.5172813661681266,27.378601793386533,1.507,4.84,1722.328,47.903406180150945,75.31738257769408
4.115766457720994,1.515805135831213,27.39448769521239,1.507,4.84,1727.594,48.050602351356716,75.31738257769408
4.116568372793634,1.5168584705800123,27.39405260403031,1.507,4.845,1732.875,48.198320383388065,75.31738257769408
4.1173441408955815,1.5155723399625354,27.40430195265708,1.507,4.845,1738.187,48.34677955108227,75.31738257769408
4.118340619041804,1.5170294820793775,27.411281852751305,1.507,4.845,1743.437,48.493647019497246,75.31738257769408
4.119445351777449,1.5149486644117174,27.40888164110298,1.507,4.845,1748.75,48.64207303091111,75.31738257769408
4.120317070422179,1.5165491824277897,27.40837263593321,1.507,4.845,1754.016,48.78934145468261,75.31738257769408
4.121495503682632,1.5153698891571086,27.423716843483803,1.507,4.845,1759.344,48.9382278975724,75.31738257769408
4.122321937493564,1.514712270693901,27.43255030038241,1.507,4.851,1764.609,49.08529001126207,75.31738257769408
4.123140724705596,1.5161842637351917,27.43269417061711,1.507,4.851,1769.953,49.23470381389482,75.31738257769408
4.124256728232503,1.5180669513162022,27.42518050786683,1.507,4.851,1775.219,49.38211962453279,75.31738257769408
4.125230466404125,1.5158496580544631,27.429531934876582,1.507,4.851,1780.531,49.53060595715474,75.31738257769408
4.1258746758430735,1.5161649202789682,27.44299216597356,1.507,4.851,1785.828,49.678703789359695,75.31738257769408
4.127033531831751,1.5173727241483024,27.447353817014093,1.507,4.851,1791.156,49.82778701257333,75.31738257769408
4.127964146436945,1.5180208885109523,27.445540228535663,1.507,4.856,1796.469,49.97651402294506,75.31738257769408
4.128703996118993,1.5159595522731624,27.44840973656792,1.507,4.856,1801.734,50.12369723413224,75.31738257769408
4.129756888994185,1.517029662041501,27.460634214249595,1.507,4.856,1807.062,50.27274675118797,75.31738257769408
4.130840326643891,1.5125855574442857,27.46252246764273,1.507,4.856,1812.328,50.4196302769222,75.31738257769408
4.131719758048746,1.5170997535154376,27.471856283808368,1.507,4.856,1817.672,50.56913429735539,75.31738257769408
4.132760041163524,1.514652697825393,27.484915225030964,1.507,4.856,1822.937,50.71619062716641,75.31738257769408
4.13337885306303,1.5138798449234063,27.489651631819843,1.507,4.861,1828.281,50.86537733868249,75.31738257769408
4.134209083664533,1.51801553483388,27.50272736342134,1.507,4.861,1833.547,51.0127881563902,75.31738257769408
4.135406092439092,1.5144373837442893,27.502234676227477,1.507,4.861,1838.875,51.16158297979165,75.31738257769408
4.136186183284472,1.5149747037541996,27.50662593019737,1.507,4.861,1844.125,51.30825151991003,75.31738257769408
4.137383954849532,1.5165274504933408,27.50683885493366,1.507,4.861,1849.469,51.45769914220427,75.31738257769408
4.138311625038005,1.516885421679713,27.516387690423805,1.507,4.861,1854.781,51.606286933926306,75.31738257769408
4.1391769532651566,1.5146021840045625,27.52270238155871,1.507,4.867,1860.078,51.75423211924473,75.31738257769408
4.140066587035187,1.5178290041615183,27.52889087924604,1.507,4.867,1865.391,51.902940329884615,75.31738257769408
4.141232655646089,1.5191313317266544,27.52376453400181,1.507,4.867,1870.656,52.05043148641534,75.31738257769408
4.142459693892088,1.5163082987669572,27.52837025674827,1.507,4.867,1876.0,52.19985751219682,75.31738257769408
4.143319421951856,1.51449969991794,27.539624868864387,1.507,4.867,1881.328,52.34865845821791,75.31738257769408
4.144150836991524,1.516222342484126,27.54375393555026,1.507,4.872,1886.594,52.495895143352854,75.31738257769408
4.145234893669043,1.5154494505775622,27.54374750386214,1.507,4.872,1891.953,52.64565571742285,75.31738257769408
4.145894274386839,1.517293168069681,27.56039569751361,1.507,4.872,1897.219,52.792996387840915,75.31738257769408
4.147161227215531,1.5163716524806712,27.564455394578893,1.507,4.872,1902.594,52.94329549825463,75.31738257769408
4.147936593188171,1.5147804134749725,27.570429824797568,1.507,4.872,1907.922,53.092124024633,75.31738257769408
4.148680667803161,1.5147913398881336,27.575138708103964,1.507,4.872,1913.187,53.23919381508284,75.31738257769408
4.149812442389605,1.516428703461521,27.584301300957083,1.507,4.872,1918.5,53.3877648322636,75.31738257769408
4.150855320823768,1.5152154376173306,27.595877698535453,1.507,4.878,1923.781,53.53532285886232,75.31738257769408
4.151672789174449,1.51513608784155,27.600715646536035,1.507,4.878,1929.094,53.683767232952604,75.31738257769408
4.152504936369241,1.516231645419721,27.612486630440188,1.507,4.878,1934.359,53.83097686142971,75.31738257769408
4.153517621755676,1.5163079133821893,27.617221488632765,1.507,4.878,1939.687,53.97995546603608,75.31738257769408
4.154543487326806,1.5154592886961344,27.612414509546028,1.507,4.878,1944.953,54.12711805286289,75.31738257769408
4.155370807926087,1.5169343893542204,27.624106116460528,1.507,4.883,1950.266,54.27573861425715,75.31738257769408
4.1565999928564,1.5166867248087712,27.63500791429416,1.507,4.883,1955.562,54.423859447495026,75.31738257769408
4.157260185689589,1.515186839870906,27.639127268767474,1.507,4.883,1960.875,54.572308793979076,75.31738257769408
4.158567447819121,1.5163056744284489,27.647741446071063,1.507,4.883,1966.203,54.72128717860624,75.31738257769408
4.159221049251431,1.512517099465084,27.65827690775302,1.507,4.883,1971.453,54.86771779182564,75.31738257769408
4.160195745945588,1.5168563128567885,27.661120654653438,1.507,4.883,1976.766,55.01633070373093,75.31738257769408
4.161528953793701,1.5162536240839115,27.67513776343895,1.507,4.888,1982.047,55.16398983327677,75.31738257769408
4.161995066009944,1.5139099056916705,27.679590876264115,1.507,4.888,1987.297,55.31055528759644,75.31738257769408
4.162885208554318,1.5143104841402553,27.679837488247777,1.507,4.888,1992.609,55.45889084913858,75.31738257769408
4.164018043788596,1.5155165608971597,27.69789907603727,1.507,4.888,1997.859,55.60561184782007,75.31738257769408
4.164949854131087,1.516010178785961,27.710520819636844,1.507,4.888,2003.187,55.754561199736855,75.31738257769408
4.165821805422887,1.5151161713394596,27.70603466178108,1.507,4.894,2008.5,55.90300362252209,75.31738257769408
4.166868315532005,1.5156290311360892,27.71449608451891,1.507,4.894,2013.766,56.05018269262677,75.31738257769408
4.167865960460793,1.519716296524223,27.73166089918786,1.507,4.894,2019.094,56.19949617391615,75.31738257769408
4.168630679537118,1.5165588294477454,27.74234077597147,1.507,4.894,2024.375,56.34718502563884,75.31738257769408
4.169554760716625,1.517172929941576,27.736352809548983,1.507,4.894,2029.703,56.49624861889351,75.31738257769408
4.17055520145976,1.5163956638142626,27.757544954087106,1.507,4.894,2035.016,56.64481639903847,75.31738257769408
4.171363363911671,1.5159491555204612,27.767917411614185,1.507,4.899,2040.312,56.79286520067234,75.31738257769408
4.172018867150413,1.515643179126397,27.77845300216757,1.507,4.899,2045.625,56.94135925666841,75.31738257769408
4.173411224103425,1.513949068812543,27.77869296015229,1.507,4.899,2050.891,57.08837518969436,75.31738257769408
4.1739987583531,1.5170041179573024,27.78778906512734,1.507,4.899,2056.203,57.23697460841045,75.31738257769408
4.174899295730915,1.5147321663441595,27.803438010381843,1.507,4.899,2061.469,57.38406658614399,75.31738257769408
4.175796155887616,1.518141640492276,27.810978922255455,1.507,4.899,2066.781,57.53277743184005,75.31738257769408
4.17664282561314,1.5176310608661845,27.829645361802708,1.507,4.899,2072.031,57.67970314062183,75.31738257769408
4.177778982932994,1.5158759882285984,27.836495369676868,1.507,4.905,2077.359,57.82863930819669,75.31738257769408
4.1783186902749065,1.5165306003590022,27.848896469932384,1.507,4.905,2082.625,57.97590592750843,75.31738257769408
4.179471308274466,1.5153920018581672,27.85663346781403,1.507,4.905,2087.969,58.125241655950234,75.31738257769408
4.180337798304259,1.5160380019831077,27.86825213132849,1.507,4.905,2093.219,58.27201313666461,75.31738257769408
4.181102570239554,1.518317314629504,27.87616989442877,1.507,4.905,2098.531,58.420741190669055,75.31738257769408
4.181911484999812,1.5177755627117984,27.892935642568123,1.507,4.91,2103.797,58.5681287052643,75.31738257769408
4.182846939410195,1.5165153399864475,27.907580999558647,1.507,4.91,2109.109,58.716680245321726,75.31738257769408
4.18404128981865,1.5146887012788068,27.91129435493119,1.507,4.91,2114.422,58.86508078703364,75.31738257769408
4.184812023962135,1.5138709543234643,27.933087045122324,1.507,4.91,2119.687,59.012061218039335,75.31738257769408
4.185623290475608,1.5138216074206208,27.93894377217447,1.507,4.91,2125.0,59.16037680685092,75.31738257769408
4.186293523288785,1.5144876915037848,27.9537988255903,1.507,4.91,2130.266,59.30744504422392,75.31738257769408
4.187336987406745,1.5177363447931045,27.959828697790744,1.507,4.915,2135.609,59.456983810351815,75.31738257769408
4.1879803461723615,1.516821643679764,27.973595101161152,1.507,4.915,2140.937,59.60601288941801,75.31738257769408
4.188912873895697,1.5177082976982623,27.980059358281697,1.507,4.915,2146.187,59.752946075693224,75.31738257769408
4.190003505269627,1.5182966681086454,27.99110029318169,1.507,4.915,2151.516,59.90214807534828,75.31738257769408
4.190752400059383,1.5169268232261035,28.008608115428657,1.507,4.915,2156.766,60.04900560509954,75.31738257769408
4.19141314565346,1.51596863518474,28.011267307008104,1.507,4.915,2162.078,60.197503592226695,75.31738257769408
4.192593467790833,1.5179697368820082,28.02655585968697,1.507,4.915,2167.328,60.34446208909179,75.31738257769408
4.193346907544109,1.5136635651123758,28.033476164113388,1.507,4.921,2172.641,60.49276219382131,75.31738257769408
4.194414942282274,1.5160923279627327,28.04902550524876,1.507,4.921,2177.906,60.639958296086164,75.31738257769408
4.194998009194,1.5134166790624062,28.0572341127516,1.507,4.921,2183.234,60.788652834342436,75.31738257769408
4.19594148138704,1.5164342549224537,28.06883401838921,1.507,4.921,2188.547,60.937224395423605,75.31738257769408
4.196712686113378,1.5144336679852817,28.085973334207164,1.507,4.921,2193.812,61.08425945981553,75.31738257769408
4.197650561047182,1.5192969872442992,28.09625725167997,1.507,4.921,2199.125,61.233111495047574,75.31738257769408
4.197916748356126,1.5188414428213752,28.107428306771684,1.507,4.921,2204.391,61.380602514682735,75.31738257769408
4.199183719229141,1.5144186472064043,28.12073520412008,1.507,4.926,2209.734,61.52981439636513,75.31738257769408
4.199849123317223,1.514429989202621,28.13711411933349,1.507,4.926,2214.984,61.676430201287424,75.31738257769408
4.200826943915338,1.519057324475832,28.140825310228085,1.507,4.926,2220.297,61.82525875573121,75.31738257769408
4.19905213594926,1.4865829474078491,28.151073977016587,1.477,4.91,2226.031,61.98244665860425,75.31738257769408
4.1994832429043685,1.4852585708018804,28.167771217722176,1.475,4.91,2231.375,62.12881285977407,75.31738257769408
4.1995433402771605,1.4798684490874705,28.17690451355087,1.474,4.91,2236.797,62.27677646643913,75.31738257769408
4.20010264405334,1.4798027154546656,28.19370014778896,1.474,4.91,2242.203,62.42429688835161,75.31738257769408
4.2001204579707005,1.471025968932962,28.215744780661517,1.463,4.905,2247.625,62.5713763858539,75.31738257769408
4.199644604513787,1.459713376911874,28.236153357629068,1.453,4.899,2253.047,62.71732480179472,75.31738257769408
4.199172556124797,1.44948745758953,28.254790816882288,1.442,4.894,2258.484,62.86265172510534,75.31738257769408
4.199625866945954,1.4491109078855875,28.265336902228142,1.441,4.894,2263.891,63.00713922606419,75.31738257769408
4.19923781228538,1.4376678880371738,28.28971677201357,1.43,4.888,2269.312,63.15085692800611,75.31738257769408
4.199586640058456,1.4377746941918694,28.308424205772276,1.428,4.888,2274.719,63.29421412128594,75.31738257769408
4.199089635135563,1.4267713618699336,28.31474895958,1.419,4.883,2280.141,63.43686885300811,75.31738257769408
4.19960222323485,1.426568451949643,28.34401198094381,1.417,4.883,2285.547,63.57908239115127,75.31738257769408
4.199201113630203,1.4176009830744885,28.35221657736462,1.408,4.878,2290.969,63.72082022899554,75.31738257769408
4.19953610000156,1.411605328470434,28.36565464305159,1.406,4.878,2296.391,63.86195859552865,75.31738257769408
4.199860240678897,1.414843875295903,28.389655462822564,1.406,4.878,2301.797,64.00300331942606,75.31738257769408
4.200533974004749,1.4155638614515509,28.399494028645616,1.405,4.878,2307.219,64.14453747709679,75.31738257769408
4.201002240449842,1.4134271630379511,28.404037322693117,1.404,4.878,2312.625,64.28544097001264,75.31738257769408
4.200887209943394,1.400094864448525,28.42216904722877,1.392,4.872,2318.047,64.42542847089136,75.31738257769408
4.200198825708229,1.3914153682485302,28.41404507713592,1.381,4.867,2323.453,64.56413762450747,75.31738257769408
4.200554817786439,1.3879481099173323,28.431774597326,1.381,4.867,2328.875,64.70291064067247,75.31738257769408
4.199964647002859,1.3795795144327545,28.436741255230253,1.37,4.861,2334.281,64.8404398869061,75.31738257769408
4.199953949928819,1.3694301749654372,28.434960487239486,1.359,4.856,2340.094,64.98723530514951,75.31738257769408
4.200321283697801,1.3652199272081436,28.446951530095248,1.359,4.856,2345.531,65.12411348965857,75.31738257769408
4.200062260320316,1.3671743574993704,28.459013054251603,1.359,4.856,2350.937,65.26040607510923,75.31738257769408
4.2007948444042205,1.366754109990332,28.465601023466004,1.358,4.856,2356.375,65.39746328177694,75.31738257769408
4.200806303042252,1.356469007039949,28.467346439982062,1.347,4.851,2361.859,65.53463974644802,75.31738257769408
4.200159724702267,1.346947898807924,28.47011789344289,1.336,4.845,2367.281,65.66931338532478,75.31738257769408
4.200586955475538,1.3450381828264533,28.47650164023126,1.336,4.845,2372.719,65.80419293304453,75.31738257769408
4.199737399465006,1.337531393352105,28.483317553566227,1.325,4.84,2378.156,65.93829504010967,75.31738257769408
4.200586361471776,1.3300354682688458,28.49367626947614,1.325,4.84,2383.594,66.07167012544318,75.31738257769408
4.20019566241092,1.321615088704863,28.4988309820034,1.314,4.834,2389.016,66.20381088110854,75.31738257769408
4.199431528083345,1.3105322023244912,28.511304090716667,1.303,4.829,2394.453,66.33520602486509,75.31738257769408
4.199721673324157,1.3095575557858825,28.505626605558923,1.303,4.829,2399.891,66.46652759855172,75.31738257769408
4.200362323457932,1.312300338736883,28.51215065462639,1.301,4.829,2405.312,66.5977128260373,75.31738257769408
4.200874936021827,1.3096933068858998,28.516637012628923,1.301,4.829,2410.75,66.7290480127553,75.31738257769408
4.200856532184851,1.2940987891919151,28.511753518704356,1.29,4.824,2416.172,66.85843757055537,75.31738257769408
4.199911767398995,1.2872439539165674,28.52192090211993,1.279,4.818,2421.578,66.9867619540714,75.31738257769408
4.200213755073324,1.2891262641426458,28.544655053907352,1.279,4.818,2427.0,67.11565433744967,75.31738257769408
4.200836460837865,1.2863393532448473,28.53882362355377,1.278,4.818,2432.422,67.24426807350078,75.31738257769408
4.200345752769767,1.2774798522225073,28.547920203565408,1.267,4.813,2437.844,67.37199599856962,75.31738257769408
4.201036748365906,1.275474744157599,28.545583564870565,1.267,4.813,2443.266,67.49952344431799,75.31738257769408
4.20048315192783,1.2666519482409837,28.555618759181417,1.256,4.807,2448.703,67.62651911411798,75.31738257769408
4.200947669333728,1.2650449792616316,28.55090777264609,1.254,4.807,2454.125,67.75300374715444,75.31738257769408
4.200591433043213,1.2519381753921903,28.560430830772354,1.243,4.802,2459.531,67.87780852411112,75.31738257769408
4.200220700861361,1.2417477191858035,28.56308146111962,1.234,4.797,2464.953,68.00196379697482,75.31738257769408
4.20052220116574,1.2416775492712218,28.55614848085518,1.232,4.797,2470.375,68.12611205394893,75.31738257769408
4.201148433792188,1.2388984953445483,28.56141552769935,1.231,4.797,2475.797,68.24998244916961,75.31738257769408
4.201478483327191,1.2375512910189022,28.56934746638328,1.231,4.797,2481.219,68.37371814511276,75.31738257769408
4.202004081690362,1.2377698358587452,28.575343545355725,1.23,4.797,2486.641,68.49747569210811,75.31738257769408
4.202005939075253,1.2249968070640365,28.57116807961164,1.219,4.791,2492.094,68.62065641230221,75.31738257769408
4.20137758442606,1.216552068436185,28.58126237648175,1.208,4.786,2497.906,68.75104170060125,75.31738257769408
4.201881426804352,1.2158231140186286,28.57825407347685,1.208,4.786,2503.437,68.87504873983322,75.31738257769408
4.2014491732564085,1.203703283807721,28.571308004819475,1.197,4.78,2509.016,68.99888507508787,75.31738257769408
4.201409618053566,1.1904874183693983,28.56601342054284,1.185,4.775,2514.531,69.11995676692943,75.31738257769408
4.20084956288677,1.1809056607897757,28.566379964646263,1.174,4.77,2520.047,69.24007577756709,75.31738257769408
4.201435151412428,1.1814896907728412,28.56078068831969,1.173,4.77,2525.953,69.3687512180625,75.31738257769408
4.201719883308124,1.1800665854864696,28.560539276119,1.173,4.77,2531.547,69.49048223768767,75.31738257769408
4.201719922420814,1.1692490844484014,28.565307189078396,1.162,4.764,2537.234,69.6131025876521,75.31738257769408
4.201324648367074,1.157083312622895,28.55774322579202,1.151,4.759,2542.828,69.73246274340025,75.31738257769408
4.201686572845267,1.1608519892457247,28.552751913429805,1.15,4.753,2548.516,69.85422388805476,75.31738257769408
4.201387604950575,1.1430656728116284,28.548254077738115,1.139,4.748,2554.187,69.973761097879,75.31738257769408
4.20103953156115,1.1347669193336345,28.545104301186772,1.128,4.743,2559.797,70.09115399281515,75.31738257769408
4.201378854778033,1.13260485868369,28.540802712371317,1.128,4.748,2565.469,70.20961813855916,75.31738257769408
4.202062240031084,1.1331300768833148,28.537957551835355,1.126,4.748,2571.141,70.32813721919496,75.31738257769408
4.201951442454971,1.1232503384438022,28.538093021703133,1.115,4.743,2576.75,70.44431799780119,75.31738257769408
4.201400246013772,1.1121566184345404,28.523414014822748,1.105,4.737,2582.406,70.5603152324844,75.31738257769408
4.201843788553179,1.1106111402376146,28.516121830495457,1.104,4.737,2588.016,70.67520918531251,75.31738257769408
4.20152228315394,1.0965450872791438,28.509703126911,1.093,4.732,2593.703,70.7902049925723,75.31738257769408
4.202316219899405,1.1004393986527614,28.50426811949144,1.093,4.732,2599.391,70.9056294928912,75.31738257769408
4.202116203410871,1.0894699979967295,28.49784667281181,1.082,4.726,2605.0,71.01831628078101,75.31738257769408
4.201527132509924,1.080110286723558,28.493457868830312,1.071,4.721,2610.672,71.13128978733539,75.31738257769408
4.202368777516268,1.0759049457399412,28.485311163794638,1.07,4.721,2616.359,71.24412104179586,75.31738257769408
4.201990996815122,1.0664056778565945,28.48029488093982,1.059,4.716,2621.953,71.35412725000153,75.31738257769408
4.20125145984816,1.0569549624587289,28.47036939111774,1.048,4.71,2627.625,71.46467883889642,75.31738257769408
4.20193348431796,1.0528534001415155,28.46633428227868,1.048,4.71,2633.312,71.5750926541422,75.31738257769408
4.201493121150843,1.0440537070409257,28.465991495457693,1.036,4.705,2638.937,71.68338995958617,75.31738257769408
4.201412268831315,1.0320484835665291,28.459118610723092,1.025,4.699,2644.609,71.79133646982292,75.31738257769408
4.201021192062244,1.0216869204732302,28.45025769411005,1.014,4.694,2650.219,71.8970311136033,75.31738257769408
4.201470870824204,1.0173273640507676,28.4539430854559,1.013,4.694,2655.891,72.00343787691558,75.31738257769408
4.201938008516102,1.018534065509601,28.4388712368307,1.013,4.694,2661.562,72.10995207220455,75.31738257769408
4.201484403891207,1.0083136828779438,28.43120738697235,1.001,4.689,2667.172,72.2142632397404,75.31738257769408
4.202054786161273,1.0080161268351655,28.41691527543019,1.001,4.689,2672.828,72.31939868675467,75.31738257769408
4.201159649520198,0.9877147260268848,28.41112769760168,0.98,4.678,2678.437,72.4215606554478,75.31738257769408
4.201473446632972,0.9852878752368333,28.403643719565284,0.98,4.678,2684.125,72.52490697402628,75.31738257769408
4.201724439542936,0.983610280322931,28.38827144281136,0.979,4.672,2689.797,72.62778711859752,75.31738257769408
4.202285309289274,0.9840599172501416,28.382297164139693,0.977,4.678,2695.406,72.72957106067022,75.31738257769408
4.202694810079462,0.98192113347057,28.368199424187104,0.976,4.678,2701.078,72.83227452990995,75.31738257769408
4.201735693048406,0.9617603657359096,28.34476832355545,0.955,4.662,2706.75,72.93286929538692,75.31738257769408
4.201060694253776,0.9516824838800796,28.334641575936512,0.944,4.656,2712.359,73.03130435316424,75.31738257769408
4.2009842641553865,0.9397963243068588,28.32040043128596,0.934,4.656,2718.031,73.1296018025163,75.31738257769408
4.200175991841866,0.9291843373014717,28.3095872610518,0.923,4.651,2723.656,73.22598397070543,75.31738257769408
4.200630382923223,0.9285054039412106,28.300269605385672,0.923,4.651,2729.359,73.3236312375383,75.31738257769408
4.201022206591988,0.9274276122607982,28.294643593422023,0.922,4.651,2735.031,73.4206349886555,75.31738257769408
4.201357318531337,0.9291851509297836,28.27556180292199,0.922,4.651,2740.641,73.5167602219002,75.31738257769408
4.201057698031502,0.9169396534690044,28.266812860938497,0.911,4.64,2746.328,73.61292062322107,75.31738257769408
4.20069346297686,0.907255419347512,28.2562980262072,0.9,4.635,2752.0,73.7078144755656,75.31738257769408
4.200235283964686,0.898084368275098,28.236893765249626,0.89,4.635,2757.594,73.80045732064244,75.31738257769408
4.199568949791382,0.884036981783725,28.22111801319061,0.879,4.624,2763.266,73.89292265402872,75.31738257769408
4.199306767170985,0.8745773468217456,28.203352819980584,0.868,4.619,2768.875,73.98338252181375,75.31738257769408
4.198337018774744,0.8650922312382366,28.191609656381445,0.858,4.619,2774.547,74.07386634004716,75.31738257769408
4.198935705012412,0.8657689420525622,28.1691121080718,0.858,4.619,2780.234,74.1646604164119,75.31738257769408
4.199114212734528,0.8622933170572032,28.15937953348079,0.857,4.619,2785.828,74.25361119765795,75.31738257769408
4.199333728026353,0.8639096242723854,28.1369399836856,0.857,4.613,2791.5,74.34397132180433,75.31738257769408
4.200112057891969,0.8642014955484847,28.10620642734613,0.856,4.619,2797.187,74.43460101844754,75.31738257769408
4.200271830495298,0.8618043856243559,28.093055420333293,0.856,4.619,2802.797,74.52375563687484,75.31738257769408
4.200886702880765,0.860146482587409,28.07673600178097,0.854,4.619,2808.484,74.61396008015244,75.31738257769408
4.201218173182147,0.8602674952620224,28.05832774868961,0.853,4.619,2814.156,74.70393925793559,75.31738257769408
4.2015665234564565,0.8581075455448592,28.038589867133503,0.852,4.619,2819.766,74.79271143416118,75.31738257769408
4.201911515558277,0.8603543029596754,28.01921859312981,0.852,4.619,2825.469,74.8831915173522,75.31738257769408
4.202544169930474,0.8552688794302008,28.0061369314202,0.85,4.613,2831.141,74.97264786782281,75.31738257769408
4.2030450008186495,0.853432114574927,27.99213607686499,0.85,4.619,2836.75,75.06092062783485,75.31738257769408
4.203694836682205,0.8512106704646091,27.974362652213497,0.849,4.619,2842.422,75.14995251230157,75.31738257769408
4.203341091947638,0.8430340262975187,27.95038033096013,0.838,4.613,2848.094,75.23812916543243,75.31738257769408
4.202730323571447,0.8325303033249278,27.945183068455904,0.827,4.608,2853.687,75.32399435918423,75.31738257769408
4.20289933728488,0.8284195511286337,27.924436668148687,0.825,4.602,2859.359,75.41064241979394,75.31738257769408
4.203328476875493,0.8286104558059516,27.907680743585484,0.825,4.602,2864.969,75.49636308940822,75.31738257769408
4.202132642530263,0.8105793603006294,27.88795579261108,0.805,4.597,2870.641,75.5811451656456,75.31738257769408
4.201583465394427,0.7994081019543582,27.867554837870298,0.795,4.592,2876.328,75.66497991268947,75.31738257769408
4.200714977869122,0.7874257269638245,27.855123643702456,0.784,4.581,2881.937,75.74642545596879,75.31738257769408
4.200304869878293,0.7812749051060187,27.842927565190468,0.774,4.575,2887.609,75.82814244977737,75.31738257769408
4.199522886538337,0.7707966546884464,27.820856375694085,0.765,4.57,2893.281,75.90876347708439,75.31738257769408
4.199580469029854,0.7661802943429656,27.81313459027937,0.765,4.57,2898.953,75.98890165886894,75.31738257769408
4.19925438809453,0.7590258244567033,27.792339058092264,0.754,4.565,2904.609,76.06806757420023,75.31738257769408
4.199095564252373,0.7597833678629959,27.77498125250492,0.754,4.57,2910.234,76.1468781668985,75.31738257769408
4.198728001983899,0.7536157100038975,27.755249305597896,0.744,4.559,2915.922,76.22592451589888,75.31738257769408
4.19870815581339,0.7496281640197253,27.747367131381807,0.743,4.559,2921.609,76.3045387898272,75.31738257769408
4.1980225360192,0.7378442099350695,27.71713840422715,0.733,4.554,2927.219,76.38086959075238,75.31738257769408
4.1982908647172845,0.7409906238749387,27.695884814085872,0.733,4.554,2932.906,76.45857803699228,75.31738257769408
4.198631476154307,0.7338941667980898,27.673524076209013,0.733,4.554,2938.578,76.53533927006457,75.31738257769408
4.197935455486057,0.7265991199468514,27.66775370354529,0.722,4.548,2944.187,76.61049335513432,75.31738257769408
4.19708172411384,0.7208736245207015,27.651108361799977,0.712,4.543,2949.859,76.68589271216824,75.31738257769408
4.19726209889648,0.7201982042443406,27.629808331426037,0.712,4.543,2955.469,76.7603980142559,75.31738257769408
4.1974405050595935,0.7168139866878754,27.61591383069408,0.712,4.543,2961.156,76.83557103177296,75.31738257769408
4.197627124369577,0.7182943637575059,27.591655201420856,0.712,4.543,2966.828,76.9107006125291,75.31738257769408
4.197729611333488,0.7152510050400785,27.57401839369447,0.712,4.548,2972.422,76.9844830881981,75.31738257769408
4.19805956515422,0.7217902639433222,27.554089114244288,0.711,4.543,2978.656,77.06745863100231,75.31738257769408
4.198238280579588,0.721300948190349,27.531162299026,0.711,4.543,2984.281,77.14227753023748,75.31738257769408
4.198698243467126,0.7132542643110149,27.528985479378164,0.709,4.543,2989.953,77.21687994472657,75.31738257769408
4.19772516342485,0.7024217341747026,27.50485325068873,0.698,4.538,2995.641,77.29055658496637,75.31738257769408
4.197922695633254,0.702524373869099,27.48111482179672,0.698,4.538,3001.25,77.36322055483353,75.31738257769408
4.198236072438359,0.705988645464061,27.47362953176332,0.698,4.538,3006.922,77.43706302614967,75.31738257769408
4.198508221516442,0.7030576833528188,27.46053722835085,0.697,4.538,3012.594,77.51059893519032,75.31738257769408
4.198699337780661,0.7018442192293015,27.44172712580048,0.697,4.538,3018.203,77.58319255484888,75.31738257769408
4.198215852903988,0.6912801391181617,27.422171431976192,0.687,4.532,3023.875,77.65549659850767,75.31738257769408
4.197490475692273,0.6821667032324622,27.40665823326923,0.678,4.532,3029.484,77.72605492019987,75.31738257769408
4.197603023478886,0.682034698521816,27.387799382621463,0.676,4.532,3035.172,77.7975931751673,75.31738257769408
4.197725024309142,0.6826781818969694,27.36429877062601,0.676,4.527,3040.797,77.86840582310508,75.31738257769408
4.197819858584097,0.6846722773671156,27.34741265797844,0.676,4.532,3046.437,77.93961469931871,75.31738257769408
4.198290255704894,0.6783451003305997,27.32539744101797,0.676,4.527,3052.109,78.01056581012685,75.31738257769408
4.198324376190636,0.6786289615378231,27.313066157222828,0.675,4.527,3057.734,78.08095844168896,75.31738257769408
4.198519075466895,0.6844256645830068,27.29365529444977,0.675,4.527,3063.406,78.15254554557472,75.31738257769408
4.198969927884937,0.6795602261744135,27.280313456851157,0.675,4.527,3069.078,78.223623751763,75.31738257769408
4.198314473358508,0.6700787426801633,27.269315112780188,0.664,4.521,3074.687,78.29293178345246,75.31738257769408
4.197549079232791,0.6593833814531398,27.2480721632671,0.654,4.516,3080.359,78.36189960431491,75.31738257769408
4.197481730178268,0.6593865795812928,27.2292359030537,0.653,4.516,3086.047,78.43106231019252,75.31738257769408
4.197407719541562,0.6588579064681461,27.213333122110296,0.653,4.516,3091.656,78.49920974086268,75.31738257769408
4.1977605530849065,0.6562921572840101,27.20450624677356,0.653,4.516,3097.344,78.56804787443956,75.31738257769408
4.198117508319943,0.6588441597806051,27.189118281546715,0.653,4.516,3103.031,78.6371415367899,75.31738257769408
4.19842397761706,0.660299120629045,27.164491567850344,0.651,4.516,3108.625,78.7052553925675,75.31738257769408
4.198732172296423,0.6559309695142845,27.14637681993401,0.651,4.516,3114.359,78.77461204280164,75.31738257769408
4.19782698560983,0.6495313688153849,27.123674753701746,0.642,4.511,3120.047,78.84274104088982,75.31738257769408
4.197779726146428,0.6428739987164663,27.116753877613988,0.642,4.511,3125.656,78.90923521334655,75.31738257769408
4.198153329309323,0.6447216549889404,27.099128982080256,0.64,4.511,3131.328,78.97666949946617,75.31738257769408
4.198220612512452,0.6441609964460026,27.088228906667208,0.64,4.511,3137.016,79.04423520206707,75.31738257769408
4.198974880296363,0.6479992785407725,27.069211232417064,0.64,4.511,3142.609,79.11106830517541,75.31738257769408
4.19778328593252,0.6344510116677516,27.051497164187783,0.629,4.505,3148.297,79.1776155326631,75.31738257769408
4.197996019014416,0.632874734296982,27.041493324314203,0.629,4.505,3153.969,79.2438106970107,75.31738257769408
4.198247237400067,0.6340828977568206,27.01553340331818,0.629,4.505,3159.578,79.30939558244626,75.31738257769408
4.198499906661928,0.6333420020063257,26.993700577225358,0.629,4.505,3165.25,79.37563962038784,75.31738257769408
4.198646790582545,0.6340517317811145,26.98740302990624,0.628,4.505,3170.937,79.44213327540167,75.31738257769408
4.19805201417782,0.623255698212055,26.972014950488862,0.618,4.5,3176.547,79.5066097678443,75.31738257769408
4.19796427484567,0.622264572971777,26.965933318578823,0.618,4.5,3182.219,79.57169516854576,75.31738257769408
4.1983333762985415,0.6235782215770017,26.94012708826961,0.618,4.5,3187.906,79.63709045580916,75.31738257769408
4.198514864371524,0.6246546205234644,26.9187911313219,0.617,4.5,3193.516,79.70171166831467,75.31738257769408
4.198534281110965,0.6233947678863733,26.91365554289392,0.617,4.5,3199.187,79.76690378539476,75.31738257769408
4.198959029015512,0.623522643108918,26.906157408440137,0.617,4.5,3204.875,79.83230474214574,75.31738257769408
4.198047385377308,0.609156082289449,26.888035825622534,0.606,4.494,3210.5,79.89549111068393,75.31738257769408
4.198322991510877,0.6136414303889071,26.862924671539734,0.606,4.494,3216.219,79.96020642348363,75.31738257769408
4.198386271335595,0.6141036258161371,26.8476519665918,0.606,4.494,3221.891,80.024438234669,75.31738257769408
4.19872349272593,0.6118331500997695,26.8310576454267,0.605,4.494,3227.5,80.08772176935653,75.31738257769408
4.197803807112591,0.597022672654241,26.820021348580216,0.595,4.489,3233.172,80.1501670081912,75.31738257769408
4.198048465072891,0.6009630750085991,26.806483198829216,0.595,4.489,3238.859,80.21319062185347,75.31738257769408
4.198276218345531,0.5996801688538752,26.79187891239354,0.595,4.489,3244.469,80.27522819966626,75.31738257769408
4.198404240362569,0.5982256701031238,26.775454579377147,0.595,4.489,3250.156,80.33796473887026,75.31738257769408
4.198399568128372,0.5990541582017264,26.75835569228026,0.593,4.489,3255.828,80.40062245975294,75.31738257769408
4.1984732964160205,0.6009119803645093,26.752293908827497,0.593,4.489,3261.437,80.4627763887242,75.31738257769408
4.198958963730852,0.6003698048693002,26.742073932781317,0.593,4.489,3267.125,80.52574885664784,75.31738257769408
4.198246831850625,0.5893733697005477,26.720844377225607,0.584,4.484,3272.781,80.58722012782314,75.31738257769408
4.198369562258552,0.5863438727575574,26.712531044770635,0.582,4.484,3278.391,80.6478780510304,75.31738257769408
4.198571355812017,0.5879455091382628,26.69219676815631,0.582,4.484,3284.078,80.70953649921687,75.31738257769408
4.19861898656688,0.5858266584075307,26.670429858886664,0.582,4.484,3289.75,80.77081069746018,75.31738257769408
4.198871020188549,0.5859620899037992,26.651508349209475,0.582,4.484,3295.359,80.8314183193845,75.31738257769408
4.199154326943933,0.587531568770916,26.649319363033065,0.581,4.484,3301.031,80.89287084173459,75.31738257769408
4.199263557912645,0.5863600409882528,26.632764898040943,0.581,4.484,3306.703,80.95420082881837,75.31738257769408
4.199313707594271,0.5858759194462352,26.619573954646985,0.581,4.484,3312.344,81.01514526061425,75.31738257769408
4.199488945332485,0.5837109542838932,26.601471799099567,0.58,4.484,3318.016,81.0761981680166,75.31738257769408
4.199763665865224,0.5845302386569153,26.58991136253248,0.58,4.484,3323.703,81.13749845328705,75.31738257769408
4.199250419699108,0.5741456239423732,26.570770535528577,0.57,4.478,3329.297,81.19672505378183,75.31738257769408
4.1985203043112165,0.5669045760888104,26.5487159010378,0.559,4.473,3334.984,81.25617691775247,75.31738257769408
4.198589934274081,0.5634069026180633,26.543047149234496,0.559,4.473,3340.672,81.31527236661637,75.31738257769408
4.197781024851753,0.5541530803147255,26.528989815525115,0.549,4.467,3346.281,81.37258989783314,75.31738257769408
4.197959973075704,0.554012633824517,26.504575449088968,0.549,4.467,3351.969,81.4306999868647,75.31738257769408
4.1980596270500135,0.5531575547274477,26.49423001272345,0.549,4.467,3357.641,81.4885571792299,75.31738257769408
4.197845654364033,0.5549222547078259,26.48285750953512,0.549,4.467,3363.266,81.54611799675344,75.31738257769408
4.198252410516651,0.5556743243218105,26.462542150268355,0.549,4.467,3368.969,81.60455608315435,75.31738257769408
4.198453625231136,0.5522171028382417,26.454075185680377,0.548,4.467,3374.641,81.66231490950179,75.31738257769408
4.198520556241214,0.5506000803100608,26.4392736569837,0.548,4.467,3380.25,81.71926494445097,75.31738257769408
4.198826954363051,0.5516468261762394,26.420078150444,0.548,4.467,3385.937,81.77711671254913,75.31738257769408
4.1981325764700985,0.5413553413469631,26.417487466704127,0.538,4.462,3391.609,81.83373945927755,75.31738257769408
4.198286573490841,0.5414722593890864,26.40724094926957,0.538,4.462,3397.219,81.88975536437164,75.31738257769408
4.198387846654776,0.5397930993353641,26.389375405564863,0.537,4.462,3402.906,81.94636401998594,75.31738257769408
4.198374197082805,0.5448702133767965,26.379550078308,0.537,4.462,3408.594,82.00351516542354,75.31738257769408
4.198566973355464,0.5414726152076909,26.36652305832809,0.537,4.462,3414.203,82.05952112231107,75.31738257769408
4.197822187154799,0.5335794942778153,26.363581346129838,0.527,4.457,3419.891,82.11548799025746,75.31738257769408
4.198276866850485,0.5299803095730808,26.33205083892379,0.527,4.457,3425.562,82.1709111990678,75.31738257769408
4.198172922204189,0.5319932432191177,26.3195486579052,0.527,4.457,3431.172,82.22594648943793,75.31738257769408
4.198430445176664,0.5283522528973036,26.31483715462421,0.526,4.457,3436.859,82.28135533175943,75.31738257769408
4.198444738210188,0.527515569783966,26.301191186264838,0.526,4.457,3442.547,82.33668615790697,75.31738257769408
4.198675764512311,0.5312106707298264,26.27766915893667,0.526,4.457,3448.156,82.39163069450495,75.31738257769408
4.198669691247202,0.5300111174386217,26.263625454098836,0.526,4.457,3453.844,82.44722327731206,75.31738257769408
4.198986013251574,0.5301073085150196,26.249552584451795,0.524,4.457,3459.531,82.50281617411511,75.31738257769408
4.199151685599051,0.5284311977006315,26.24045304682064,0.524,4.457,3465.156,82.55762913482545,75.31738257769408
4.199293628372819,0.525268970725719,26.222747959893532,0.524,4.457,3470.844,82.61272431639861,75.31738257769408
4.199544314878663,0.5279837056105354,26.2083074148628,0.524,4.457,3476.531,82.66809450878837,75.31738257769408
4.199502124494084,0.5266915878918043,26.202769922210013,0.523,4.457,3482.172,82.72288242290179,75.31738257769408
4.199742194077976,0.5300251172241872,26.190652307650595,0.523,4.457,3487.875,82.77862308292383,75.31738257769408
4.19889987855695,0.5156860339128543,26.181004907972696,0.512,4.451,3493.562,82.83270360587758,75.31738257769408
4.19834870215706,0.5072037701596855,26.163792813594934,0.502,4.446,3499.25,82.88590393821957,75.31738257769408
4.198417560911151,0.5106762894245663,26.144827884348167,0.502,4.446,3504.859,82.93872454898678,75.31738257769408
4.198619258788036,0.5078153939920013,26.13538470596161,0.502,4.446,3510.562,82.99212949964027,75.31738257769408
4.19868882476574,0.5114213707802129,26.123317287252767,0.502,4.446,3516.25,83.04577221385696,75.31738257769408
4.198982374880697,0.5062839585444654,26.10944434251801,0.501,4.446,3521.922,83.09872668972118,75.31738257769408
4.198865993399431,0.5063989912293297,26.102054941216643,0.501,4.446,3527.531,83.15110488812702,75.31738257769408
4.199315112068309,0.4998885088528828,26.0843066592649,0.501,4.446,3533.25,83.20382369036776,75.31738257769408
4.199417000491207,0.5051795936759738,26.08353282502488,0.501,4.446,3538.953,83.25695144425353,75.31738257769408
4.199518908651764,0.5051341575374934,26.06167633256062,0.5,4.446,3544.656,83.31007441979905,75.31738257769408
4.199994046185188,0.505123597225805,26.047831966963088,0.5,4.446,3550.344,83.3630565639139,75.31738257769408
4.19910225144415,0.4933557969414876,26.03078944953149,0.49,4.44,3556.016,83.41465882624259,75.31738257769408
4.198237882832531,0.4831613067074267,26.026836687365144,0.48,4.435,3561.75,83.46574720491876,75.31738257769408
4.198219314595241,0.4850616007193273,26.021251835898376,0.48,4.435,3567.375,83.51606153643063,75.31738257769408
4.198428745496533,0.4826955817268898,26.0040882769508,0.48,4.435,3573.062,83.56668231684847,75.31738257769408
4.19841045106924,0.4825744359245488,25.99370348745816,0.48,4.435,3578.734,83.61715690899895,75.31738257769408
4.198444497433517,0.4858439018792945,25.975730840437485,0.48,4.435,3584.344,83.66741799888176,75.31738257769408
4.198713066676496,0.4833757904927935,25.973294277180138,0.479,4.435,3590.031,83.7181101134901,75.31738257769408
4.199014376014384,0.4841628842081347,25.960945725718528,0.479,4.435,3595.719,83.7688936996204,75.31738257769408
4.19887574576931,0.4862180725887619,25.94056886747229,0.479,4.435,3601.328,83.8191845317817,75.31738257769408
4.19907270296527,0.4826835780319861,25.930587356228983,0.479,4.435,3607.016,83.8698129542779,75.31738257769408
4.199197804256563,0.4776711568137751,25.926250805664196,0.479,4.435,3612.719,83.92004775389219,75.31738257769408
4.199290027077873,0.4828324236300141,25.914806607893595,0.478,4.435,3618.328,83.96998839935095,75.31738257769408
4.199675504822134,0.4800230073045153,25.893071744894925,0.478,4.435,3624.047,84.0206121635402,75.31738257769408
4.198901352344885,0.4701930315359007,25.887668020298133,0.467,4.43,3629.75,84.0700605180877,75.31738257769408
4.198837467138564,0.4685621353913159,25.88264659401529,0.467,4.43,3635.437,84.11919910950158,75.31738257769408
4.1989011625897845,0.4710443855267315,25.86702408833388,0.467,4.43,3641.047,84.16792917302234,75.31738257769408
4.199196928010544,0.4692229272776919,25.854574277021072,0.467,4.43,3646.75,84.21727550551486,75.31738257769408
4.199158771039,0.4724207621861807,25.84345723525531,0.465,4.43,3652.453,84.26695814174592,75.31738257769408
4.199340770701475,0.4694557088353414,25.83022555740964,0.465,4.43,3658.141,84.31619910011266,75.31738257769408
4.199495158114785,0.4711593577799145,25.82586818659472,0.465,4.43,3663.828,84.36561006490057,75.31738257769408
4.199734595714539,0.4697361005617086,25.817559325418397,0.465,4.43,3669.437,84.41419612273191,75.31738257769408
4.198752844814424,0.4598483072177248,25.796445431511422,0.455,4.424,3675.141,84.4625650430742,75.31738257769408
4.199071518127316,0.4618026827612114,25.794151026649303,0.454,4.424,3680.812,84.51085850993239,75.31738257769408
4.199120408898539,0.4600065711884866,25.784002180855584,0.454,4.424,3686.5,84.55910835330207,75.31738257769408
4.199240200566563,0.456528797969725,25.765116672723945,0.454,4.424,3692.109,84.60632834459786,75.31738257769408
4.199493892014423,0.4565601018893485,25.762136783080997,0.454,4.424,3697.781,84.65408198262655,75.31738257769408
4.199439954255414,0.4607009615924023,25.74819303077587,0.454,4.424,3703.469,84.70240466023455,75.31738257769408
4.199916953740972,0.4576173220491006,25.74015816400056,0.454,4.424,3709.078,84.74973724047933,75.31738257769408
4.199232273402027,0.446364092615958,25.72971554858328,0.443,4.419,3714.75,84.79642443285462,75.31738257769408
4.19930026357305,0.4463150598953366,25.709816822882043,0.443,4.419,3720.437,84.84322995065803,75.31738257769408
4.199392746585879,0.4465480481910205,25.705870992701165,0.443,4.419,3726.062,84.88954935936681,75.31738257769408
4.199274830938635,0.4474244404225854,25.686408263995425,0.443,4.419,3731.766,84.93661148132816,75.31738257769408
4.199596910385872,0.4445085992121459,25.677330903355323,0.443,4.419,3737.453,84.9832275537481,75.31738257769408
4.198874688003761,0.4367583889081182,25.671752963339213,0.432,4.413,3743.141,85.029038907705,75.31738257769408
4.197837472937984,0.4277420691234828,25.661415893773032,0.422,4.408,3748.812,85.0737704526054,75.31738257769408
4.197956881931972,0.4277375781569286,25.6515079484595,0.422,4.408,3754.422,85.1180203789271,75.31738257769408
4.197857122409314,0.4278899824082464,25.64058526840911,0.422,4.408,3760.094,85.16277528250161,75.31738257769408
4.197873301407387,0.4259730548513061,25.62785498844446,0.422,4.408,3765.781,85.20744751338553,75.31738257769408
4.198146617573679,0.4275266534462565,25.609711865392423,0.422,4.408,3771.391,85.25167561931224,75.31738257769408
4.197824966947352,0.430106584067409,25.610775941030685,0.422,4.408,3777.078,85.29678133764189,75.31738257769408
4.1982233377019,0.4252274116257082,25.58909506594245,0.422,4.408,3782.75,85.34125775117568,75.31738257769408
4.19834485871667,0.4292280138347155,25.58779267443453,0.422,4.408,3788.375,85.38578059229572,75.31738257769408
4.198428522832871,0.4241324210626798,25.570920204976797,0.421,4.408,3794.062,85.43025979402756,75.31738257769408
4.198522245101316,0.4262767409223638,25.552644430873173,0.421,4.408,3799.734,85.47484596154817,75.31738257769408
4.198671014733839,0.4282756374191416,25.55164577965988,0.421,4.408,3805.375,85.51939637659031,75.31738257769408
4.198685348932094,0.4239940446734764,25.5338057361709,0.421,4.408,3811.062,85.56386106664839,75.31738257769408
4.198857464481819,0.425152807642508,25.52585732576246,0.421,4.408,3816.734,85.60832967702197,75.31738257769408
4.199045663226429,0.4212955494156187,25.52644735764199,0.42,4.408,3822.359,85.65202970173293,75.31738257769408
4.199300981357827,0.4232655084500113,25.52066503153108,0.42,4.408,3828.031,85.69630091114635,75.31738257769408
4.19925938998973,0.4247094855957435,25.505386947698423,0.42,4.408,3833.719,85.74084846207518,75.31738257769408
4.199465216123332,0.4221967438184299,25.486399563833924,0.42,4.408,3839.328,85.7845173974345,75.31738257769408
4.199646568927605,0.4223659445609262,25.488259383606348,0.42,4.408,3845.016,85.82881913559687,75.31738257769408
4.1988398997205945,0.4113021860218444,25.47326260835088,0.409,4.403,3850.687,85.87183146365561,75.31738257769408
4.199186671401095,0.4113149118661224,25.46581525938015,0.409,4.403,3856.312,85.91449621963861,75.31738257769408
4.199127379557479,0.4113954588980613,25.43961168686137,0.409,4.403,3862.0,85.95764726942373,75.31738257769408
4.199156155876273,0.4141276158439999,25.4385467502911,0.409,4.403,3867.672,86.00096270628048,75.31738257769408
4.199392329559093,0.4106257750713123,25.436515899692484,0.409,4.403,3873.297,86.04355597967836,75.31738257769408
4.199423606146802,0.4115014998062132,25.422829608191822,0.409,4.403,3878.969,86.08659673945718,75.31738257769408
4.1996297342104,0.411882964702594,25.41733473820156,0.407,4.403,3884.656,86.12979132814486,75.31738257769408
4.198840415277051,0.4011213933350905,25.41360896950549,0.398,4.397,3890.281,86.17139873374208,75.31738257769408
4.198908262812284,0.4007499482932611,25.40856460876888,0.398,4.397,3895.969,86.21343318161009,75.31738257769408
4.199009059096732,0.4008132100559611,25.407704187294478,0.398,4.397,3901.703,86.25581425966722,75.31738257769408
4.199075878631135,0.4007668347097412,25.403169007626406,0.398,4.397,3907.406,86.29796133375054,75.31738257769408
4.1989963246842645,0.4013053526709359,25.386716697509925,0.398,4.397,3913.172,86.34063125831045,75.31738257769408
4.199364239765995,0.4007302594759611,25.380914343528797,0.398,4.397,3918.844,86.38254540647839,75.31738257769408
4.199462683605137,0.4003821812761566,25.365155050813826,0.398,4.397,3924.516,86.42442314760967,75.31738257769408
4.199328763274918,0.3990467902915404,25.358018454239183,0.396,4.397,3930.125,86.4656976215267,75.31738257769408
4.199518548795922,0.4017161412576071,25.345163703437866,0.396,4.397,3935.812,86.50782600501876,75.31738257769408
4.199684935709134,0.4008201922709161,25.338695721850037,0.396,4.397,3941.5,86.54986782074002,75.31738257769408
4.199019324093936,0.3909894626114483,25.32678989404865,0.386,4.392,3947.109,86.5903089037634,75.31738257769408
4.198981334835914,0.3927651778855002,25.31729009247418,0.386,4.392,3952.797,86.63150583333135,75.31738257769408
4.199252326975433,0.3893529101095218,25.311183672505138,0.386,4.392,3958.469,86.67222997426667,75.31738257769408
4.199010613640386,0.390730532115447,25.29951914333999,0.385,4.392,3964.078,86.71264427541817,75.31738257769408
4.19930042887208,0.3906334845736603,25.29249502839073,0.385,4.392,3969.766,86.75361761281408,75.31738257769408
4.199404675417752,0.3894629431548637,25.278066428524426,0.385,4.392,3975.437,86.79434608070706,75.31738257769408
4.199487397891148,0.3876284566017635,25.27157885240832,0.385,4.392,3981.062,86.83455389480731,75.31738257769408
4.199648991154313,0.3901343140803422,25.263520923510388,0.385,4.392,3986.75,86.87547487447698,75.31738257769408
4.198850487641705,0.3789668256130101,25.248972445827057,0.375,4.386,3992.422,86.9151126889516,75.31738257769408
4.198961803486072,0.3798766074167188,25.23843758224678,0.375,4.386,3998.047,86.9545164214483,75.31738257769408
4.198913066960682,0.3763556505129591,25.22589123114559,0.375,4.386,4003.734,86.99398522428149,75.31738257769408
4.199022756849953,0.378995360468024,25.221636183044787,0.375,4.386,4009.406,87.03362602334266,75.31738257769408
4.199106489965512,0.3779824909054391,25.21846269033592,0.374,4.386,4015.031,87.07283328346158,75.31738257769408
4.199450483761644,0.3769132389096871,25.20317939346302,0.374,4.386,4020.719,87.1123675116235,75.31738257769408
4.199592321906323,0.3806167953592035,25.20875299497128,0.374,4.386,4026.391,87.15217790372304,75.31738257769408
4.198702377385231,0.3673313709734203,25.199520156629976,0.364,4.381,4032.0,87.19017196722389,75.31738257769408
4.198849000135542,0.3687349070689524,25.19130678533498,0.364,4.381,4037.687,87.22884157488086,75.31738257769408
4.198693049907228,0.3700590259352529,25.194322685622705,0.364,4.381,4043.375,87.26765686830763,75.31738257769408
4.1988580455477935,0.3676928219609118,25.180938221362364,0.364,4.381,4049.0,87.30579680457807,75.31738257769408
4.199073650908319,0.3679904547826229,25.16851876707929,0.364,4.381,4054.672,87.34428655193659,75.31738257769408
4.199348462166197,0.3699685045087451,25.16585967137052,0.364,4.381,4060.359,87.3830855282215,75.31738257769408
4.198948350557197,0.3671143103534626,25.15271827394933,0.363,4.381,4065.969,87.42106391032854,75.31738257769408
4.199417602283706,0.3655876627987805,25.143671922712503,0.363,4.381,4071.656,87.459403463253,75.31738257769408
4.199189668895095,0.3668872404115078,25.137435399138344,0.363,4.381,4077.328,87.4977778205467,75.31738257769408
4.199395765338055,0.366796434968102,25.126583771650267,0.363,4.381,4082.953,87.53582477664256,75.31738257769408
4.199494014008628,0.3671958787085481,25.119142998306163,0.363,4.381,4088.625,87.57423141577925,75.31738257769408
4.199565982355676,0.3665144061342479,25.113393694726213,0.363,4.381,4094.297,87.61256677668882,75.31738257769408
4.198995785653015,0.3559692700566346,25.100251548774235,0.353,4.376,4099.906,87.64938562778516,75.31738257769408
4.198876840890715,0.3558510543653211,25.091321466937384,0.353,4.376,4105.594,87.68671065466839,75.31738257769408
4.199047342578504,0.3559502730775843,25.09379181563686,0.353,4.376,4111.297,87.72414454697198,75.31738257769408
4.1993514540886645,0.3567475155391443,25.0787439425184,0.352,4.376,4116.906,87.76104389407443,75.31738257769408
4.198950340379177,0.3543827771743364,25.07600546863754,0.352,4.376,4122.578,87.79811035431648,75.31738257769408
4.199301322011517,0.3567924472007475,25.0647828650427,0.352,4.376,4128.297,87.83573808556423,75.31738257769408
4.19936010823371,0.3518443918090257,25.052880054115253,0.352,4.376,4133.937,87.87233142309373,75.31738257769408
4.199497769165672,0.3584478744789695,25.06016980798445,0.352,4.376,4139.609,87.90982306982148,75.31738257769408
4.199519150419931,0.3543520359115837,25.04156820599034,0.352,4.376,4145.297,87.94699086546035,75.31738257769408
4.199765966890495,0.3545795291657236,25.04390063864432,0.351,4.376,4150.906,87.98366597194942,75.31738257769408
4.19971277595997,0.3543881650009524,25.012521943177912,0.351,4.376,4156.594,88.02083755714915,75.31738257769408
4.20003459144987,0.356983246562594,25.02833057968305,0.351,4.376,4162.281,88.0582747561234,75.31738257769408
4.2001446983302,0.355084416565362,25.01622335002399,0.351,4.376,4167.984,88.09561758969805,75.31738257769408
4.200110945465079,0.3571735643347148,25.008800544091567,0.351,4.376,4173.672,88.13308133394506,75.31738257769408
4.200188573777088,0.3558510192643119,24.99541820592016,0.351,4.376,4179.297,88.16999294707944,75.31738257769408
4.200165446146302,0.3541370536776402,24.994792013039437,0.349,4.376,4185.016,88.20734063755104,75.31738257769408
4.200382787481802,0.3523334794671748,24.985223584604256,0.349,4.376,4190.75,88.24459557905698,75.31738257769408
4.200402867399101,0.35168615421935,24.97551442932064,0.349,4.376,4196.437,88.28147726652766,75.31738257769408
4.2006088085193865,0.3528594685418687,24.967594506253644,0.349,4.376,4202.141,88.31859261795559,75.31738257769408
4.2000003180486845,0.3422141536041453,24.957980925377225,0.34,4.37,4207.859,88.35467659543232,75.31738257769408
4.19893493705398,0.33100542546906,24.95646683392136,0.329,4.365,4213.453,88.38882181099844,75.31738257769408
4.1990836636483335,0.330541820119271,24.938318029086982,0.329,4.365,4219.156,88.4235835960905,75.31738257769408
4.199124726567252,0.3302131254732945,24.93808442282406,0.329,4.365,4224.828,88.45812204568546,75.31738257769408
4.199254976011676,0.3306290182838907,24.91381940318736,0.329,4.365,4230.719,88.4940392292988,75.31738257769408
4.199160512572612,0.3326625242485808,24.91254079107304,0.329,4.365,4236.937,88.53218328613656,75.31738257769408
4.199156786946445,0.331120768742861,24.908206439944323,0.329,4.365,4243.141,88.57006507640887,75.31738257769408
4.1993113804862015,0.3319366721645828,24.9004740046475,0.329,4.365,4248.891,88.60526124301786,75.31738257769408
4.199501756201931,0.332864126785978,24.892744869021143,0.329,4.365,4254.625,88.6404575394118,75.31738257769408
4.199443616124814,0.3332663177433995,24.8834981390476,0.329,4.365,4260.328,88.67550584921912,75.31738257769408
4.1995960216816215,0.3312126718996678,24.88391971841807,0.329,4.365,4265.953,88.70986178287822,75.31738257769408
4.199712132712133,0.3335165741672447,24.876496816235218,0.329,4.365,4271.641,88.74484415807166,75.31738257769408
4.199704489049583,0.3298109704251827,24.860554745530774,0.327,4.365,4277.328,88.77943177259584,75.31738257769408
4.199984924707669,0.3268861494965874,24.853767250190888,0.327,4.365,4283.016,88.81371868608966,75.31738257769408
4.200089859546223,0.3308858507127151,24.847384993535083,0.327,4.365,4288.625,88.84794309221702,75.31738257769408
4.2000762038571,0.3274318383840709,24.844921968203884,0.327,4.365,4294.312,88.88228120472542,75.31738257769408
4.2002407774457975,0.3273117604245107,24.826825469449595,0.327,4.365,4299.984,88.9165161877324,75.31738257769408
4.200339129758804,0.3297766999035337,24.82720952170921,0.327,4.365,4305.594,88.9506319526746,75.31738257769408
4.200415823583691,0.3311977087079193,24.82545649493009,0.326,4.365,4311.281,88.98536499586388,75.31738257769408
4.200498988934427,0.3314437493893544,24.818213164004504,0.326,4.365,4316.953,89.02003216185082,75.31738257769408
4.200704181160176,0.3291976553236934,24.80621002631712,0.326,4.365,4322.578,89.05417908244466,75.31738257769408
4.199834342694243,0.3187384139262553,24.791390091112262,0.316,4.359,4328.25,89.08751734126642,75.31738257769408
4.198916100304352,0.3103058602860792,24.787238652497283,0.306,4.354,4333.937,89.1200594348976,75.31738257769408
4.19912672345207,0.306271912257199,24.78432304369469,0.306,4.354,4339.547,89.15174360351841,75.31738257769408
4.198875543462267,0.3075321087753928,24.77740287749264,0.306,4.354,4345.234,89.18399481098558,75.31738257769408
4.198992620865914,0.3106362103032619,24.76724053824616,0.306,4.354,4350.906,89.21648562453683,75.31738257769408
4.198861469477454,0.3090490051663072,24.760598466979904,0.306,4.354,4356.516,89.24845708649566,75.31738257769408
4.199182816891935,0.3105957849674174,24.75008726261891,0.306,4.354,4362.187,89.28093794424625,75.31738257769408
4.199197248672806,0.3093537086733492,24.746911494627195,0.306,4.354,4367.875,89.31338588939354,75.31738257769408
4.199274968200052,0.3087021476375484,24.74956312087719,0.306,4.354,4373.484,89.34531577594015,75.31738257769408
4.199191664339116,0.3094039338747404,24.73198221679761,0.306,4.354,4379.172,89.37776898918197,75.31738257769408
4.199270970534586,0.309571758505133,24.730486033357675,0.305,4.354,4384.859,89.41023409680695,75.31738257769408
4.199541944199964,0.3078276262617415,24.73630481703816,0.305,4.354,4390.469,89.442079205765,75.31738257769408
4.19974547668024,0.3070102137886367,24.72941850915455,0.305,4.354,4396.156,89.47427568156996,75.31738257769408
4.198866202009231,0.2985857759837111,24.71565391781564,0.295,4.349,4401.844,89.50559418401312,75.31738257769408
4.19869665020936,0.3038456292700481,24.71032190080461,0.295,4.349,4407.453,89.53702174791094,75.31738257769408
4.198898307973124,0.2991877892916441,24.703632057087376,0.295,4.349,4413.141,89.56840339520818,75.31738257769408
4.198836828638906,0.2970370262129468,24.696466432105986,0.295,4.349,4418.812,89.59946633251138,75.31738257769408
4.199034286869996,0.2970456058716637,24.69184461693264,0.295,4.349,4424.437,89.63027819448067,75.31738257769408
4.199072516112076,0.296315648855505,24.68661156143728,0.295,4.349,4430.125,89.66135858450276,75.31738257769408
4.198904765361211,0.2963948233658462,24.67836889814741,0.295,4.349,4435.812,89.69244181343333,75.31738257769408
4.19903695317476,0.2983273420213059,24.66842885965688,0.294,4.349,4441.422,89.723304107462,75.31738257769408
4.199250204597144,0.2979067135622581,24.662748452001072,0.294,4.349,4447.109,89.75454588986715,75.31738257769408
4.199239247261734,0.2976129366514864,24.653046471897024,0.294,4.349,4452.781,89.78567454169348,75.31738257769408
4.199394092042417,0.2978022876578939,24.658299317554828,0.294,4.349,4458.437,89.81673513269124,75.31738257769408
4.199469697700735,0.2960699980971891,24.64792435650196,0.294,4.349,4464.125,89.84778975653661,75.31738257769408
4.1996306260414045,0.2941660054347538,24.642904669702837,0.294,4.349,4469.781,89.87847108558923,75.31738257769408
4.199708791646417,0.2952854025533619,24.63738178441057,0.294,4.349,4475.391,89.90901868760999,75.31738257769408
4.199713463308418,0.2966572367027154,24.63309434380953,0.294,4.349,4481.078,89.94012943609616,75.31738257769408
4.199771055302732,0.2964802722851422,24.634964701646837,0.293,4.349,4486.75,89.97113961755258,75.31738257769408
4.199707971610461,0.2958373359571623,24.618268442647,0.293,4.349,4492.437,90.00216438220717,75.31738257769408
4.200065266481271,0.2951512677337122,24.60930440858685,0.293,4.349,4498.047,90.03269810783225,75.31738257769408
4.200064866848624,0.2954725635787086,24.60249367170588,0.293,4.349,4503.719,90.06360288858325,75.31738257769408
4.200058293528622,0.2978347576064191,24.601365024975284,0.293,4.349,4509.391,90.09475474164321,75.31738257769408
4.200309906876147,0.2950589078853992,24.599158894298853,0.293,4.349,4514.984,90.12518641505208,75.31738257769408
4.2003164903898975,0.2934263884696002,24.593822773474358,0.293,4.349,4520.672,90.15596375209667,75.31738257769408
4.200470194179882,0.2957196930407848,24.58327406839056,0.291,4.349,4526.344,90.18689438120988,75.31738257769408
4.200289630865342,0.295044755652497,24.57784811071405,0.291,4.349,4531.953,90.21741164727443,75.31738257769408
4.200519796035109,0.2940989164529343,24.57061208156076,0.291,4.349,4537.625,90.24817275220411,75.31738257769408
4.200774976747333,0.2947674490267012,24.56620425722171,0.291,4.349,4543.312,90.27908531671967,75.31738257769408
4.200158441789725,0.2809981645871382,24.56634824206406,0.28,4.343,4548.922,90.30815488814497,75.31738257769408
4.199159617769929,0.2744392532791454,24.56172452153961,0.271,4.338,4554.625,90.33701658661286,75.31738257769408
4.199041840349134,0.2751684074346048,24.553654058530807,0.272,4.338,4560.281,90.3657164781619,75.31738257769408
4.198943505847149,0.2745052366992397,24.545710946111992,0.271,4.338,4565.891,90.3941143490041,75.31738257769408
4.199284178729348,0.2746909650946142,24.544370021987813,0.271,4.338,4571.594,90.42300251901509,75.31738257769408
4.199013081768599,0.2726589667095059,24.54287901470256,0.271,4.338,4577.281,90.45159654432888,75.31738257769408
4.199240713339905,0.2741292257127697,24.534849685755525,0.271,4.338,4582.937,90.48018804987898,75.31738257769408
4.198893124548175,0.2750182117392079,24.530173201135792,0.271,4.338,4588.562,90.5087150605859,75.31738257769408
4.199173645426274,0.2736911113482973,24.521231687465107,0.271,4.338,4594.25,90.53742237496212,75.31738257769408
4.199124903987739,0.2710248140607721,24.517749352930963,0.271,4.338,4599.937,90.56584502501265,75.31738257769408
4.199269761237502,0.2749234733283013,24.505817085550543,0.271,4.338,4605.609,90.59460048563345,75.31738257769408
4.199364107156527,0.2756817373155958,24.491975944592348,0.271,4.338,4611.234,90.62319632233232,75.31738257769408
4.1996564388331405,0.2742151144208316,24.49673116767033,0.271,4.338,4616.922,90.65195859911073,75.31738257769408
4.199370538246793,0.2739713793102996,24.49169482524701,0.271,4.338,4622.594,90.68061447601205,75.31738257769408
4.199707455002216,0.270989737422128,24.47521909122708,0.271,4.338,4628.203,90.70864366737791,75.31738257769408
4.199618563265988,0.2706964823098778,24.47602145806771,0.269,4.338,4633.891,90.73703687671498,75.31738257769408
4.1997055343371255,0.272908961419455,24.47632411009032,0.269,4.338,4639.562,90.76557659806265,75.31738257769408
4.2001329146892745,0.2725757966065752,24.465309739559498,0.269,4.338,4645.234,90.79408650480364,75.31738257769408
4.19995353713695,0.2726052039912598,24.467996991332203,0.269,4.338,4650.859,90.82236321973045,75.31738257769408
4.200023301325563,0.268941046985027,24.46330218190881,0.269,4.338,4656.547,90.8505723023946,75.31738257769408
4.200059368849943,0.2718972473827072,24.44816324255203,0.269,4.338,4662.219,90.87901123667461,75.31738257769408
4.200276451962531,0.2726752168163189,24.443845255505963,0.269,4.338,4667.891,90.90753154221458,75.31738257769408
4.200375667993451,0.2726773043136506,24.444501845274758,0.269,4.338,4673.516,90.93581573594307,75.31738257769408
4.200406197181417,0.2730029803752207,24.42286207944171,0.269,4.338,4679.203,90.96444583832262,75.31738257769408
4.200318647243838,0.2708147842333877,24.41894883273938,0.268,4.338,4684.875,90.99277155299978,75.31738257769408
4.200703618698802,0.2711422433818385,24.417551340764028,0.268,4.338,4690.484,91.02081651846385,75.31738257769408
4.199774363416214,0.2612298310838116,24.41500804199013,0.258,4.332,4696.156,91.0481397005471,75.31738257769408
4.1988472396048175,0.2492811336043977,24.40908683554217,0.248,4.327,4701.828,91.07421311557454,75.31738257769408
4.198678795069758,0.2499630945031887,24.41212787914901,0.248,4.327,4707.437,91.10006746517787,75.31738257769408
4.19910347544321,0.2532601520874478,24.39649501053344,0.248,4.327,4713.109,91.12655706332679,75.31738257769408
4.1988536939630725,0.2546685884365011,24.389501950033075,0.248,4.327,4718.781,91.15319397605558,75.31738257769408
4.198963241630702,0.2521955583325218,24.37797770116955,0.248,4.327,4724.391,91.17928388595539,75.31738257769408
4.19884468784285,0.2538515062566615,24.376046779899927,0.248,4.327,4730.062,91.20583065530501,75.31738257769408
4.198882428614767,0.2507395227078581,24.37800725620567,0.248,4.327,4735.766,91.23220456994198,75.31738257769408
4.199271771328715,0.2519285430629779,24.370059116662425,0.248,4.327,4741.375,91.25826221113242,75.31738257769408
4.19890352612249,0.2502486415194725,24.36042677531733,0.248,4.327,4747.062,91.28450604267299,75.31738257769408
4.199401625139075,0.2501186394629137,24.35565463805128,0.248,4.327,4752.734,91.31066705613806,75.31738257769408
4.1992156995277,0.252076848741987,24.35157540820321,0.248,4.327,4758.344,91.33674468539921,75.31738257769408
4.199209364339207,0.2508268758110161,24.343892341217718,0.248,4.327,4764.016,91.36297977643274,75.31738257769408
4.199248915779004,0.2491198805349861,24.346505467287173,0.248,4.327,4769.672,91.38896282303578,75.31738257769408
4.199614985865445,0.2496468442053671,24.33939067376725,0.248,4.327,4775.281,91.41478446202727,75.31738257769408
4.199142335770357,0.2509882830289408,24.347051862736866,0.247,4.327,4780.953,91.44103643535479,75.31738257769408
4.19960263492638,0.2484402179776429,24.33131751677687,0.247,4.327,4786.625,91.46702189530187,75.31738257769408
4.199548880196235,0.2521777828489519,24.334171679212947,0.247,4.327,4792.234,91.49310531602816,75.31738257769408
4.19964747776334,0.2519707429437194,24.33727448348271,0.247,4.327,4797.906,91.51946004917843,75.31738257769408
4.199600665608641,0.2505751848934526,24.335157249971807,0.247,4.327,4803.594,91.5457427463847,75.31738257769408
4.199899305179686,0.2506616762815677,24.32613650859604,0.247,4.327,4809.203,91.57166935216475,75.31738257769408
4.19995781701524,0.2506474644919828,24.3361652666232,0.247,4.327,4814.875,91.59788567777584,75.31738257769408
4.199991277580965,0.2514172078315949,24.325101495995877,0.247,4.327,4820.547,91.62418251424334,75.31738257769408
4.200071406735621,0.2494489464658293,24.325622381964635,0.246,4.327,4826.141,91.64991468475912,75.31738257769408
4.200067836538432,0.2465837614251706,24.317207968715937,0.246,4.327,4831.844,91.67584693054502,75.31738257769408
4.20011388664866,0.2499190455948558,24.29620805021209,0.246,4.327,4837.516,91.70198706760569,75.31738257769408
4.20025368628744,0.2469341224172286,24.302110704388124,0.246,4.327,4843.125,91.72752812254686,75.31738257769408
4.200406354029935,0.2491454904133337,24.297940052772542,0.246,4.327,4848.797,91.75358735005369,75.31738257769408
4.200517931827599,0.2498878717193654,24.297301609008876,0.246,4.327,4854.469,91.77972422650097,75.31738257769408
4.200457599008953,0.2476935541405271,24.28936331687427,0.246,4.327,4860.078,91.80534383149097,75.31738257769408
4.2006804162479,0.2458659875638748,24.28263926266098,0.244,4.327,4865.75,91.83106004130673,75.31738257769408
4.199960543490695,0.2372005255651978,24.271365960877134,0.235,4.322,4871.422,91.85586989217013,75.31738257769408
4.199949131244366,0.2410646639682695,24.260940615024214,0.235,4.322,4877.125,91.88122171615153,75.31738257769408
4.199851219265401,0.240411221092066,24.26542841532166,0.235,4.322,4882.719,91.9060215905254,75.31738257769408
4.199964296696551,0.2408102333028779,24.23971270835832,0.235,4.322,4888.391,91.9312089966679,75.31738257769408
4.199880685356383,0.2379498164164814,24.23693238257709,0.235,4.322,4894.0,91.95582078087513,75.31738257769408
4.199927835801751,0.2388724708066246,24.236509041845537,0.235,4.322,4899.734,91.98107861314455,75.31738257769408
4.2000438739253605,0.2371943087563896,24.234255802300712,0.235,4.322,4905.406,92.00588781376446,75.31738257769408
4.200260006263832,0.235587529484412,24.226638401963505,0.235,4.322,4911.094,92.03059846380607,75.31738257769408
4.200387798062695,0.2362925519265438,24.22480177375589,0.235,4.322,4916.703,92.05503883272661,75.31738257769408
4.200277971230343,0.2382230272110294,24.21556673510916,0.233,4.322,4922.391,92.08002591871602,75.31738257769408
4.200320388003029,0.2341122677299014,24.21817028429571,0.233,4.322,4928.047,92.10444368075777,75.31738257769408
4.200103993813867,0.2369069178988463,24.20859819936269,0.233,4.322,4933.672,92.1290174940362,75.31738257769408
4.200556217594969,0.2357219577125752,24.215412517576464,0.233,4.322,4939.328,92.1536031457291,75.31738257769408
4.199566653635912,0.2268706087470567,24.213208746496377,0.224,4.316,4945.516,92.17949128437945,75.31738257769408
4.199668533634132,0.227614309015589,24.20547186303819,0.224,4.316,4951.187,92.20329427318661,75.31738257769408
4.199538948824028,0.2281869186662231,24.19968971811713,0.224,4.316,4956.906,92.22735912129984,75.31738257769408
4.199709484946832,0.224687192709186,24.202793366124872,0.224,4.316,4962.531,92.25066541040555,75.31738257769408
4.199527559260277,0.2273749391221215,24.192594607658965,0.224,4.316,4968.484,92.27562576569488,75.31738257769408
4.19977325127206,0.2220120619329669,24.177589153643392,0.224,4.316,4974.109,92.29865456959766,75.31738257769408
4.199572707654117,0.2263373796826644,24.172880901080497,0.224,4.316,4979.781,92.32232819604245,75.31738257769408
4.199873555558519,0.2275006783328238,24.175153657028464,0.224,4.316,4985.484,92.34625354892411,75.31738257769408
4.199907761698554,0.226561980058421,24.16404910668888,0.224,4.316,4991.203,92.37014702919109,75.31738257769408
4.199832327567795,0.2286404790783833,24.158994794033674,0.224,4.316,4996.844,92.3939308435116,75.31738257769408
4.200064857430557,0.2264612598287895,24.1565447615703,0.224,4.316,5002.547,92.41774688483127,75.31738257769408
4.200210819793675,0.2230954212744311,24.162014535128748,0.222,4.316,5008.25,92.44120895412878,75.31738257769408
4.200121413329919,0.2270677200342679,24.15790403913728,0.222,4.316,5013.937,92.4650217786728,75.31738257769408
4.200365896000789,0.225818960984909,24.14426860081948,0.222,4.316,5019.562,92.48844546351573,75.31738257769408
4.200479712385732,0.2255940016168248,24.1408536724081,0.222,4.316,5025.25,92.51210789776103,75.31738257769408
4.200351378042236,0.2234110138407421,24.13833810537316,0.222,4.316,5030.937,92.5355372397784,75.31738257769408
4.200476101473599,0.2267619894530312,24.12765495769178,0.222,4.316,5036.562,92.5590587428096,75.31738257769408
4.200669480485527,0.2239066203902863,24.125141131806505,0.222,4.316,5042.266,92.58261025167846,75.31738257769408
4.1996599330298165,0.2161315523005462,24.14163252521922,0.213,4.311,5047.937,92.60521241998035,75.31738257769408
4.199603005346183,0.2153303480242464,24.127008188706142,0.213,4.311,5053.625,92.62779830508644,75.31738257769408
4.199599772833051,0.2150353872291727,24.124071028421373,0.213,4.311,5059.25,92.65010343446338,75.31738257769408
4.199735598283491,0.2153809855299985,24.12856955980031,0.213,4.311,5064.953,92.67275420685039,75.31738257769408
4.199536589937392,0.2155736491261903,24.12938844911333,0.213,4.311,5070.641,92.69536561167901,75.31738257769408
4.1997665694726605,0.214447127606661,24.1293696123582,0.213,4.311,5076.312,92.71779162962238,75.31738257769408
4.199788842942957,0.2143480238927617,24.11800443249276,0.211,4.311,5081.922,92.73996617015567,75.31738257769408
4.1998255300024425,0.2127167697117531,24.11228453733173,0.211,4.311,5087.641,92.7623995190267,75.31738257769408
4.200043467699879,0.2141461190119394,24.105897406607347,0.211,4.311,5093.312,92.78479405870212,75.31738257769408
4.199904991640894,0.214914355024631,24.113686847232746,0.211,4.311,5098.969,92.80721345366715,75.31738257769408
4.200057927536891,0.2149926991176916,24.108375902527605,0.211,4.311,5104.656,92.82975995839077,75.31738257769408
4.199895403627186,0.2151848622628371,24.100295043603936,0.211,4.311,5110.344,92.85233058357312,75.31738257769408
4.200251337051634,0.2159002261596074,24.089671348558127,0.211,4.311,5116.031,92.87497226158783,75.31738257769408
4.200218660791328,0.2138850281552928,24.08866773234997,0.211,4.311,5121.641,92.89709890469918,75.31738257769408
4.200141116959246,0.2147568834988233,24.07712509312781,0.211,4.311,5127.328,92.91962067919712,75.31738257769408
4.2004696143155416,0.214244433557201,24.07999266991878,0.211,4.311,5133.0,92.94202945098296,75.31738257769408
4.200369034450816,0.2112581231503385,24.077665315893764,0.211,4.311,5138.625,92.96394277338777,75.31738257769408
4.200281978537877,0.2117379119232633,24.07285694776307,0.211,4.311,5144.297,92.9860893770027,75.31738257769408
4.200506683385565,0.209209418196319,24.076195159363195,0.21,4.311,5149.969,93.00797151428846,75.31738257769408
4.200536521450827,0.2115370275969613,24.062369374851272,0.21,4.311,5155.703,93.03033895890765,75.31738257769408
4.200595877825112,0.2135733728447153,24.06406925031084,0.21,4.311,5161.312,93.05242942253575,75.31738257769408
4.199893492132672,0.2026271608755108,24.05735374374946,0.2,4.305,5167.0,93.07368287713192,75.31738257769408
4.1995982459689865,0.2037271916256308,24.060263895000187,0.2,4.305,5172.656,93.09493149487751,75.31738257769408
4.199858238863672,0.2042380167125667,24.044791148923636,0.2,4.305,5178.281,93.11611663768198,75.31738257769408
4.199838736853868,0.2019174563140834,24.043187206698786,0.2,4.305,5183.937,93.13717650117465,75.31738257769408
4.19970321720932,0.2036581515014516,24.03952588134392,0.2,4.305,5189.625,93.15853809582647,75.31738257769408
4.199846718099782,0.2012643929601467,24.04152502892636,0.2,4.305,5195.234,93.17935540883276,75.31738257769408
4.199847635204415,0.2042236323391931,24.03256204286796,0.2,4.305,5200.906,93.20071606074973,75.31738257769408
4.199989329112741,0.202469542116803,24.0285900432496,0.2,4.305,5206.578,93.22189324462119,75.31738257769408
4.200075421237267,0.2031745155112299,24.029123257207356,0.2,4.305,5212.187,93.24290812669793,75.31738257769408
4.200336850226479,0.2023932358410878,24.02612895668964,0.2,4.305,5217.859,93.2640773293589,75.31738257769408
4.200363864882196,0.2030312142673137,24.034370099415096,0.2,4.305,5223.531,93.2853132610019,75.31738257769408
4.200261561641275,0.2005471032244559,24.01959155289568,0.2,4.305,5229.156,93.30611555378371,75.31738257769408
4.200492277078316,0.2040522594372616,24.013912328029747,0.2,4.305,5234.812,93.32739807589728,75.31738257769408
4.200139605210795,0.2006769455279222,24.01178945793817,0.199,4.305,5240.5,93.34844697344805,75.31738257769408
4.200465993195206,0.2018774757088373,24.011245096338502,0.199,4.305,5246.109,93.36932769923834,75.31738257769408
4.200581388549366,0.2021158521776072,23.99914713695452,0.199,4.305,5251.781,93.39046788911656,75.31738257769408
4.199505261690339,0.1931493923476222,24.005291707005032,0.189,4.3,5257.453,93.41067023734948,75.31738257769408
4.199578017832288,0.1917814837549802,24.00013838679785,0.189,4.3,5263.062,93.43050670776245,75.31738257769408
4.199831438597167,0.1919909532678938,23.99029998391056,0.189,4.3,5268.734,93.45058788973434,75.31738257769408
4.199530947239078,0.1911746824232758,23.993988563352293,0.189,4.3,5274.406,93.47058369433248,75.31738257769408
4.19997208587353,0.1922819031566816,23.978493889971038,0.189,4.3,5280.016,93.49047547023007,75.31738257769408
4.199603411758588,0.1911213892345614,23.98837833894283,0.189,4.3,5285.687,93.51046217628752,75.31738257769408
4.199771457207148,0.1946150157467112,23.982983455920017,0.189,4.3,5291.375,93.53087524126376,75.31738257769408
4.199749262071001,0.1903030399491539,23.985207815366422,0.189,4.3,5296.984,93.55055879229039,75.31738257769408
4.199663409347314,0.1924804401071154,23.966974918366606,0.189,4.3,5302.656,93.5706911718532,75.31738257769408
4.199674925741318,0.1896524883203496,23.96828964139622,0.189,4.3,5308.328,93.59052776344544,75.31738257769408
4.199850189717052,0.1884673449028881,23.96437168236437,0.189,4.3,5313.937,93.610021443637,75.31738257769408
4.199935350994948,0.1914769905203818,23.965543820831037,0.189,4.3,5319.625,93.63010536282458,75.31738257769408
4.199759599921678,0.1921770193023489,23.96071377878745,0.189,4.3,5325.297,93.650206006265,75.31738257769408
4.200006527769364,0.1908696267811479,23.956627970260385,0.189,4.3,5330.922,93.67000447652767,75.31738257769408
4.200026547367363,0.1914168587950081,23.95242083519536,0.189,4.3,5336.594,93.69002561142243,75.31738257769408
4.200232048009542,0.1900515418044713,23.944254173111084,0.188,4.3,5342.266,93.70990394178149,75.31738257769408
4.200232297048414,0.1923771662423817,23.944987973703967,0.188,4.3,5347.875,93.72980202522304,75.31738257769408
4.200051807607922,0.1938441592719565,23.944851787943403,0.188,4.3,5353.547,93.7500770421979,75.31738257769408
4.200451477093515,0.1918011526203371,23.93778847542226,0.188,4.3,5359.234,93.77019142566905,75.31738257769408
4.200233404948727,0.1890668085571791,23.92957798702557,0.188,4.3,5364.844,93.78975059646855,75.31738257769408
4.2003758780609415,0.1919630586009413,23.93249765703714,0.188,4.3,5370.531,93.80988195918583,75.31738257769408
4.200541319944709,0.190240329292324,23.925502801147918,0.188,4.3,5376.219,93.82983616563824,75.31738257769408
4.200567807429025,0.1892136879311065,23.924836235092748,0.188,4.3,5381.891,93.84962686115924,75.31738257769408
4.199766856497215,0.1790612669872722,23.91784832219059,0.178,4.295,5387.516,93.86820047724177,75.31738257769408
4.199666751074084,0.1808906896732665,23.91904529718892,0.178,4.295,5393.187,93.88711729789438,75.31738257769408
4.199897834758083,0.1825790929426238,23.92186523835464,0.178,4.295,5398.875,93.90626792136112,75.31738257769408
4.199958348969383,0.1804749564212723,23.910922677264963,0.178,4.295,5404.484,93.92493492749352,75.31738257769408
4.200088376703906,0.1793639420155458,23.917658507008223,0.178,4.295,5410.172,93.9437483154981,75.31738257769408
4.1998073488980285,0.1826544375452447,23.908334879274182,0.178,4.295,5415.859,93.96290347358396,75.31738257769408
4.199666510259209,0.181206718167868,23.90752355211324,0.178,4.295,5421.547,93.98191014939414,75.31738257769408
4.200047528828876,0.180775175025255,23.90765636292476,0.178,4.295,5427.156,94.00060820793755,75.31738257769408
4.199725627932889,0.1811133089968128,23.89560597109079,0.178,4.295,5432.828,94.01955164904032,75.31738257769408
4.200061157350267,0.1797184963778311,23.893568584355748,0.178,4.295,5438.516,94.03840222606243,75.31738257769408
4.199972058401659,0.1838595121123952,23.88536418629139,0.178,4.295,5444.125,94.05741930581777,75.31738257769408
4.2001283261116695,0.1769141869550901,23.881226799613756,0.177,4.295,5449.781,94.07587134406748,75.31738257769408
4.200125952021531,0.1819295686565371,23.884000199943664,0.177,4.295,5455.453,94.0949001613741,75.31738257769408
4.200068189276706,0.1799300299037131,23.874918074052346,0.177,4.295,5461.062,94.11351080430327,75.31738257769408
4.2003954395915954,0.1822381281513453,23.873341247071075,0.177,4.295,5466.734,94.13257189521059,75.31738257769408
4.200243122972516,0.1788150930186351,23.867191463419694,0.177,4.295,5472.406,94.15127495575123,75.31738257769408
4.200104529101099,0.1792349519309292,23.867794454772508,0.177,4.295,5478.016,94.16981701009071,75.31738257769408
4.2003938561596055,0.1793850030039733,23.8627637140788,0.177,4.295,5483.703,94.18862929922507,75.31738257769408
4.2001196996622525,0.1764341704932394,23.861918304760383,0.177,4.295,5489.375,94.20708332856044,75.31738257769408
4.200786010851206,0.1768922544384881,23.87336572757092,0.177,4.295,5494.969,94.22533083659212,75.31738257769408
4.200338381632459,0.178075008179174,23.856551714336447,0.177,4.295,5500.656,94.24400574522645,75.31738257769408
4.2003909068549286,0.1781557675127325,23.865288754728123,0.177,4.295,5506.359,94.26274168762839,75.31738257769408
4.200518255649331,0.1762048751102994,23.87054645154571,0.177,4.295,5511.969,94.28097027716393,75.31738257769408
4.200701654744475,0.1800469208376959,23.863655606500068,0.177,4.295,5517.641,94.29980218001809,75.31738257769408
4.200645597920223,0.1790663893847942,23.8621906161068,0.175,4.295,5523.312,94.31852822268519,75.31738257769408
4.200444916146887,0.1786928377798776,23.8571983933545,0.175,4.295,5528.922,94.33701419471517,75.31738257769408
4.200862366060536,0.180714567150315,23.856172531986388,0.175,4.295,5534.609,94.35596591660435,75.31738257769408
4.200889677912278,0.1765134939045073,23.855925082045413,0.175,4.295,5540.281,94.37442824272573,75.31738257769408
4.200881239415199,0.1784012488278577,23.854999208719104,0.175,4.295,5545.891,94.39288404955558,75.31738257769408
4.201200241708299,0.179078019248442,23.854475529333413,0.175,4.295,5551.562,94.41161130842704,75.31738257769408
4.201043362791319,0.178322578917511,23.83926307186424,0.175,4.295,5557.234,94.43026285474203,75.31738257769408
4.201019631536079,0.1756568077294345,23.84736334051084,0.175,4.295,5562.844,94.44843474609986,75.31738257769408
4.2009986272458,0.1757898492644936,23.83557615007483,0.175,4.295,5568.531,94.46687000777652,75.31738257769408
4.201021523790899,0.1756576616644745,23.835395235969205,0.175,4.295,5574.203,94.48524281862308,75.31738257769408
4.201577731061229,0.1778487545991038,23.833159588693853,0.174,4.295,5579.812,94.503638189696,75.31738257769408
4.2005590645577895,0.1713432307043737,23.825439148346035,0.164,4.289,5585.5,94.52161028957836,75.31738257769408
4.199816788356814,0.1575201235514633,23.826748606950936,0.155,4.284,5591.187,94.53812958639307,75.31738257769408
4.199409801134843,0.1579879092186563,23.82346946268825,0.156,4.284,5596.859,94.55465423977061,75.31738257769408
4.199423806923743,0.1580177798594919,23.815962945918507,0.156,4.284,5602.484,94.57104506301623,75.31738257769408
4.199629148368505,0.1595005560675663,23.82028492373093,0.156,4.284,5608.172,94.58777499108606,75.31738257769408
4.199445738173781,0.1587942150789944,23.814770777257102,0.156,4.284,5613.859,94.6044279031852,75.31738257769408
4.199506257289004,0.156922626506712,23.811923683478334,0.156,4.284,5619.531,94.62084113393774,75.31738257769408
4.199603223923613,0.1548792602274852,23.813097447122345,0.156,4.284,5625.141,94.63686356498847,75.31738257769408
4.199681006536056,0.1576762378517014,23.79857916684702,0.156,4.284,5630.828,94.65339923366986,75.31738257769408
4.199498643802939,0.1618319321861712,23.79753904767865,0.156,4.284,5636.5,94.67032595039154,75.31738257769408
4.199473180513417,0.156872616034127,23.80175592707344,0.156,4.284,5642.109,94.686551703502,75.31738257769408
4.199520377614176,0.1571718940888091,23.80706865106761,0.156,4.284,5647.812,94.70308085434547,75.31738257769408
4.199714517889916,0.1565233767066943,23.804875000034524,0.156,4.284,5653.484,94.71945232579766,75.31738257769408
4.199663893076199,0.1562517189942036,23.79076439170451,0.156,4.284,5659.156,94.73579538336956,75.31738257769408
4.199542231313523,0.1598944461008564,23.7931134013165,0.155,4.284,5664.766,94.75233664095487,75.31738257769408
4.199565022621545,0.1578522258073402,23.790598989668208,0.156,4.284,5670.453,94.76889076567355,75.31738257769408
4.199312838953343,0.1588797128041614,23.78972213198401,0.155,4.284,5676.125,94.78550869672786,75.31738257769408
4.199580453168307,0.1579581128580681,23.77998133027021,0.155,4.284,5681.734,94.80184672567023,75.31738257769408
4.199702460851897,0.1588097261286941,23.78236408330941,0.155,4.284,5687.422,94.81850419295704,75.31738257769408
4.199727223476488,0.1602429269260741,23.780498374232337,0.155,4.284,5693.109,94.8353090329525,75.31738257769408
4.199523963646789,0.1593618781450871,23.767509164159115,0.155,4.284,5698.797,94.85202441516918,75.31738257769408
4.199769367456604,0.157351009844391,23.772179732750036,0.155,4.284,5704.406,94.86829964982748,75.31738257769408
4.199798041736084,0.1605672266359017,23.760848897003815,0.155,4.284,5710.094,94.88514146040309,75.31738257769408
4.200266163619742,0.1566013915525287,23.756203055281738,0.155,4.284,5715.781,94.90156440885136,75.31738257769408
4.199871166499432,0.1568750822298304,23.76325146191735,0.155,4.284,5721.453,94.91797266673795,75.31738257769408
4.199481919081949,0.1560436340427478,23.761398965936127,0.155,4.284,5727.062,94.93411267602986,75.31738257769408
4.200096599294541,0.1578490923127154,23.75365835318745,0.155,4.284,5732.75,94.95066938294919,75.31738257769408
4.199924508712065,0.1542395381392586,23.75707889353664,0.155,4.284,5738.422,94.96680197763615,75.31738257769408
4.200318180335128,0.1605714530126347,23.762300983016395,0.155,4.284,5744.031,94.9834103113214,75.31738257769408
4.200219480134998,0.1561672273171863,23.7463455328816,0.155,4.284,5749.719,94.99979060832034,75.31738257769408
4.199939711129906,0.1559210503126141,23.75391051291817,0.155,4.284,5755.406,95.01614220868545,75.31738257769408
4.200105308384422,0.1546890658218006,23.749593959996112,0.155,4.284,5761.078,95.03232182145862,75.31738257769408
4.200275138927903,0.1527087589865967,23.745685153735216,0.155,4.284,5766.703,95.0481619520998,75.31738257769408
4.200287825669863,0.1558932119807772,23.75570769338881,0.155,4.284,5772.391,95.06451350777658,75.31738257769408
4.200410741727795,0.1538452973957893,23.75360886047557,0.153,4.284,5778.078,95.08064742180565,75.31738257769408
4.200461937824628,0.157558883860404,23.749410776290578,0.153,4.284,5783.75,95.09712720152564,75.31738257769408
4.200487916860199,0.1536910915004244,23.75293139664766,0.153,4.284,5789.359,95.11302388106736,75.31738257769408
4.200785840864863,0.1570077693326959,23.745894468087705,0.153,4.284,5795.047,95.12949234206903,75.31738257769408
4.199476547430863,0.1471604230102201,23.74355864408803,0.144,4.278,5800.719,95.14488450083081,75.31738257769408
4.19942608966375,0.1447626990024077,23.74164780511397,0.144,4.278,5806.328,95.1598576929213,75.31738257769408
4.199636162907929,0.1462650897011821,23.738894675123262,0.144,4.278,5812.0,95.17515620481693,75.31738257769408
4.199659354853108,0.1445742580307125,23.745937636607284,0.144,4.278,5817.672,95.19027786515846,75.31738257769408
4.199448902218386,0.1455853769760153,23.730682313604213,0.144,4.278,5823.281,95.20533614902614,75.31738257769408
4.199483911989997,0.1490091994731444,23.72623758502382,0.144,4.278,5828.969,95.22096564431064,75.31738257769408
4.199632315200778,0.1464988257398624,23.7223603673214,0.144,4.278,5834.641,95.23628860369115,75.31738257769408
4.199405067817571,0.1448781258351337,23.719812258221527,0.144,4.278,5840.25,95.25127373468682,75.31738257769408
4.199719223087094,0.1468579081703373,23.72545763960125,0.144,4.278,5845.922,95.26663425208508,75.31738257769408
4.199673647670109,0.1470359024718138,23.714677831731077,0.144,4.278,5851.594,95.28201338669366,75.31738257769408
4.199999943438333,0.1468110529487707,23.714696881488987,0.144,4.278,5857.219,95.29724176176339,75.31738257769408
4.199617105539015,0.1431561857206889,23.709416648774923,0.142,4.278,5862.891,95.31221509965731,75.31738257769408
4.199780764685909,0.1458094935245533,23.703867020097093,0.144,4.278,5868.562,95.32746326993868,75.31738257769408
4.1997985649587966,0.1456171406749921,23.704628537697197,0.144,4.278,5874.187,95.34256780321624,75.31738257769408
4.200043288629632,0.1460716441276651,23.70660607743053,0.142,4.278,5879.859,95.35784608178474,75.31738257769408
4.199820204593959,0.1463800331561414,23.69153582604468,0.142,4.278,5885.531,95.3731566161241,75.31738257769408
4.199980984443005,0.1427593039107144,23.68903300031219,0.142,4.278,5891.156,95.38796471252407,75.31738257769408
4.199841299696772,0.1460151338301349,23.69290373357595,0.142,4.278,5896.844,95.40328016186362,75.31738257769408
4.199857807865143,0.1432176920976472,23.68527145807579,0.142,4.278,5902.516,95.41825993298124,75.31738257769408
4.199996806914443,0.1427622817288588,23.682988331398573,0.142,4.278,5908.125,95.43302621657732,75.31738257769408
4.199959730084591,0.1451458154733829,23.678676209176984,0.142,4.278,5913.797,95.44820765863679,75.31738257769408
4.200055979551915,0.1460320808361359,23.67566284304728,0.142,4.278,5919.484,95.46352219263672,75.31738257769408
4.200202342070063,0.1469143939667298,23.69016595128172,0.142,4.278,5925.094,95.47872064944903,75.31738257769408
4.200215403221399,0.1431270269579024,23.676782705756384,0.142,4.278,5930.781,95.49373052747106,75.31738257769408
4.2004894407502205,0.1472174211303079,23.6746682036546,0.142,4.278,5936.453,95.50912864791802,75.31738257769408
4.200347355734403,0.1451847567044983,23.674771960646694,0.142,4.278,5942.062,95.52414549456243,75.31738257769408
4.200176982158638,0.1448986027320126,23.678785543039385,0.142,4.278,5947.75,95.53934383155193,75.31738257769408
4.200476370695128,0.1420091114353127,23.66937538476315,0.142,4.278,5953.453,95.5542783720922,75.31738257769408
4.200489029463221,0.1452647678568325,23.672820865376497,0.141,4.278,5959.078,95.56934635454249,75.31738257769408
4.200466689216762,0.1435820304164507,23.666112185892445,0.141,4.278,5964.766,95.58440659696554,75.31738257769408
4.2004167214192085,0.1380366912161074,23.65567374641919,0.141,4.278,5970.437,95.59884191884932,75.31738257769408
4.200584596416673,0.1445092029374792,23.64445150536005,0.141,4.278,5976.047,95.61379155598512,75.31738257769408
4.199876779630694,0.1358866555131144,23.65958975343378,0.131,4.273,5981.719,95.62800454159961,75.31738257769408
4.199823119236094,0.1345585460839264,23.651808447469968,0.131,4.273,5987.406,95.64211583424971,75.31738257769408
4.199882826717155,0.1351610256150803,23.65510539808621,0.131,4.273,5993.031,95.65613577860358,75.31738257769408
4.199544757939869,0.1359509051133288,23.650731974869235,0.131,4.273,5998.703,95.6703554843676,75.31738257769408
4.199752389520548,0.1335207465669163,23.64764645567612,0.131,4.273,6004.375,95.68432100911338,75.31738257769408
4.199716596773564,0.1311092362649592,23.652351266477545,0.131,4.273,6010.0,95.69792067061601,75.31738257769408
4.199838149754693,0.1350377602023986,23.64611909839238,0.131,4.273,6015.672,95.71204486651973,75.31738257769408
4.199623459542324,0.1341678644371018,23.638264787454897,0.131,4.273,6021.359,95.72611518798509,75.31738257769408
4.199663900205719,0.1329774451802013,23.637713367433456,0.131,4.273,6026.984,95.73990863452974,75.31738257769408
4.199787511216628,0.1330269498894754,23.637403558580385,0.131,4.273,6032.672,95.75386176019822,75.31738257769408
4.199547437110727,0.1379588172589669,23.638963397101165,0.131,4.273,6038.344,95.768291482364,75.31738257769408
4.200245560816168,0.135317478829245,23.635829231284816,0.131,4.273,6043.953,95.78228773013831,75.31738257769408
4.199747662412349,0.1354514052959856,23.61681524634523,0.131,4.273,6049.656,95.79653262247784,75.31738257769408
4.200005490990584,0.1325855149302356,23.624012008068192,0.131,4.273,6055.344,95.8104394462694,75.31738257769408
4.200007458225779,0.1357689734649864,23.63063484356511,0.131,4.273,6060.953,95.82448239333814,75.31738257769408
4.199941945348162,0.1325931511723043,23.621330981469796,0.131,4.273,6066.641,95.83839001809106,75.31738257769408
4.199810423442935,0.1323081326764451,23.61315266235277,0.131,4.273,6072.312,95.85222627036717,75.31738257769408
4.19994041652335,0.1335038404062848,23.616495464129997,0.131,4.273,6077.922,95.86603739055704,75.31738257769408
4.200356228546467,0.1350778997300168,23.62414684183145,0.131,4.273,6083.641,95.88028285720979,75.31738257769408
4.200011746900167,0.1356246308314702,23.622190730189203,0.131,4.273,6089.312,95.8944659355216,75.31738257769408
4.200130691264137,0.1330905580874885,23.605267946805867,0.131,4.273,6094.922,95.90823430119772,75.31738257769408
4.200193650924624,0.1345588230113406,23.608119760192974,0.131,4.273,6100.609,95.92234562288948,75.31738257769408
4.200241137138501,0.1327910932883185,23.612091909339185,0.131,4.273,6106.297,95.93627400968514,75.31738257769408
4.200328064321857,0.1318039260979717,23.605229199592024,0.131,4.273,6111.984,95.95009642251382,75.31738257769408
4.200246464278271,0.1356311738190742,23.614802572739404,0.131,4.273,6117.594,95.96412761770196,75.31738257769408
4.200201259969959,0.1331546599561461,23.61287911345249,0.13,4.273,6123.281,95.97809168337486,75.31738257769408
4.200181978902699,0.1316698229136145,23.59886620513433,0.13,4.273,6128.969,95.99190246072024,75.31738257769408
4.200441252576265,0.1325831701919841,23.59945750406439,0.13,4.273,6134.641,96.00576992021098,75.31738257769408
4.200311587912584,0.1320303675448604,23.599589509956576,0.13,4.273,6140.25,96.01942617329726,75.31738257769408
4.200883008422464,0.1321229937629365,23.595402800608262,0.13,4.273,6145.937,96.03328204707901,75.31738257769408
4.199557773855648,0.1208227969182961,23.589009883309146,0.12,4.268,6151.609,96.04591943717459,75.31738257769408
4.199670104839062,0.1220566617957992,23.58994810136215,0.12,4.268,6157.312,96.05875565694511,75.31738257769408
4.199691971862881,0.1221760750423351,23.58951496436874,0.12,4.268,6162.937,96.07142870204575,75.31738257769408
4.199740979907276,0.1237417730408328,23.594622097490166,0.12,4.268,6168.625,96.08440791047767,75.31738257769408
4.199471148436174,0.1214869503007956,23.58870020865381,0.12,4.268,6174.312,96.09714837147963,75.31738257769408
4.1995082466406455,0.1235343658349471,23.58850689790126,0.12,4.268,6180.0,96.1101058250806,75.31738257769408
4.199751594078497,0.1211747305054108,23.58381697492533,0.12,4.268,6185.703,96.12284929560089,75.31738257769408
4.199684605618117,0.1236521814264801,23.586722649772422,0.12,4.268,6191.328,96.13567545384394,75.31738257769408
4.1995023928020485,0.122331858398345,23.583360052652107,0.12,4.268,6197.016,96.14850677708263,75.31738257769408
4.19977783369596,0.1207974317258719,23.578178982678487,0.12,4.268,6202.703,96.16117492756489,75.31738257769408
4.199835511167987,0.1233307116449726,23.576143344740377,0.12,4.268,6208.391,96.17411101998673,75.31738257769408
4.199789864879685,0.1229683087883846,23.576360894348458,0.12,4.268,6214.016,96.18686624168362,75.31738257769408
4.199967632116757,0.1257250752577321,23.57051598398114,0.12,4.268,6219.703,96.20005115919389,75.31738257769408
4.199796338097365,0.1211533068304388,23.575156285875888,0.12,4.268,6225.391,96.21275886478858,75.31738257769408
4.199986197094616,0.1233935336645885,23.56829625201508,0.12,4.268,6231.078,96.22569927114213,75.31738257769408
4.199664392507983,0.1214264322698797,23.57211459491552,0.12,4.268,6236.766,96.23843562471819,75.31738257769408
4.199947415651392,0.1192753676419003,23.5717396662059,0.12,4.268,6242.391,96.25080778606807,75.31738257769408
4.2000726180489965,0.1233411609880416,23.577225760079585,0.12,4.268,6248.078,96.26374270004536,75.31738257769408
4.199910805229037,0.1249460685706831,23.570950097662877,0.12,4.268,6253.766,96.27684822639169,75.31738257769408
4.199878702450358,0.1216282198630929,23.58161722408117,0.12,4.268,6259.453,96.28960350247746,75.31738257769408
4.200014398760914,0.1192376575448253,23.57299630426292,0.12,4.268,6265.094,96.30200693304447,75.31738257769408
4.2002438878934125,0.1216796372762365,23.55513223619683,0.12,4.268,6270.781,96.31476760132706,75.31738257769408
4.200067809578737,0.1250065803024586,23.55952534164361,0.12,4.268,6276.469,96.32787947471658,75.31738257769408
4.200147463676443,0.1220823089998578,23.550091600319845,0.119,4.268,6282.156,96.34068237159555,75.31738257769408
4.2000347738864265,0.1206898044423108,23.546247952649605,0.119,4.268,6287.781,96.35320124924284,75.31738257769408
4.200114013019845,0.120538146612048,23.554738215862063,0.12,4.268,6293.453,96.36580886650538,75.31738257769408
4.200057687496073,0.1190452774721449,23.55541346629748,0.119,4.268,6299.141,96.37829546202747,75.31738257769408
4.200263634671848,0.1209062129810913,23.55077664867981,0.119,4.268,6304.828,96.39097502051146,75.31738257769408
4.200240213852058,0.121402869315868,23.552609268333992,0.119,4.268,6310.453,96.4035678627488,75.31738257769408
4.200390264905228,0.1206693002334111,23.55427531137554,0.119,4.268,6316.141,96.41622480115024,75.31738257769408
4.200274035477799,0.1196218714402295,23.5498272504685,0.119,4.268,6321.812,96.42873437525961,75.31738257769408
4.200378848693038,0.1198265685584963,23.557578493323295,0.119,4.268,6327.5,96.44130291998613,75.31738257769408
4.200284480403555,0.117994459744908,23.56061489149215,0.119,4.268,6333.125,96.45354221568664,75.31738257769408
4.200298118285391,0.1227264007356885,23.54845543684387,0.119,4.268,6338.844,96.4664850794163,75.31738257769408
4.200264520391669,0.1218467285604756,23.55836464109993,0.119,4.268,6344.531,96.47926327073311,75.31738257769408
4.200485298748399,0.119212723042959,23.55399274999076,0.119,4.268,6350.219,96.49176742953162,75.31738257769408
4.200679422655314,0.1214275174572584,23.55357899827464,0.119,4.268,6355.906,96.50450165775037,75.31738257769408
4.20057125415624,0.1198783880205528,23.54846995220716,0.119,4.268,6361.531,96.51693636902627,75.31738257769408
4.20089830603804,0.1214772979790283,23.546352365160327,0.119,4.268,6367.234,96.52971165937952,75.31738257769408
4.200478297328514,0.1197444227180984,23.54441819441599,0.119,4.268,6372.906,96.5422362575535,75.31738257769408
4.200775207736393,0.1189351940990732,23.532659614185896,0.119,4.268,6378.609,96.55474420482521,75.31738257769408
4.200701270772622,0.1162944538692638,23.530160558709195,0.119,4.268,6384.234,96.56680716280064,75.31738257769408
4.2007544624643165,0.1211584838649337,23.53223741460676,0.117,4.268,6389.922,96.5795154114117,75.31738257769408
4.200758064367228,0.1213223298589353,23.52223963577882,0.117,4.268,6395.609,96.59223860849919,75.31738257769408
4.200803939742114,0.1205194580140481,23.522970631498257,0.117,4.268,6401.297,96.60487983003036,75.31738257769408
4.200549213953304,0.117207953628698,23.52115708423897,0.117,4.268,6406.906,96.61700296130871,75.31738257769408
4.200953113835058,0.1208299834917781,23.514857059089174,0.117,4.268,6412.609,96.62971017613951,75.31738257769408
4.201141405127562,0.1217164511448874,23.523792423056708,0.117,4.268,6418.281,96.6424410374786,75.31738257769408
4.201352357533697,0.1222331344323931,23.520110229513023,0.117,4.268,6423.969,96.65526200561328,75.31738257769408
4.201040718533573,0.1213101071138562,23.519084529396576,0.117,4.268,6429.672,96.66801971315982,75.31738257769408
4.2013460124010455,0.1206989701346054,23.525562408364564,0.117,4.268,6435.281,96.68050392958718,75.31738257769408
4.201303753950598,0.117403808490996,23.51637169951196,0.117,4.268,6440.969,96.69281835230522,75.31738257769408
4.201263361653302,0.1198102404473002,23.525805474912246,0.117,4.268,6446.656,96.70538297502623,75.31738257769408
4.201157762127928,0.1194729036154658,23.51373833502772,0.117,4.268,6452.359,96.71794747109605,75.31738257769408
4.201183159259772,0.1161958923044831,23.516642470555336,0.117,4.268,6457.984,96.73000020550556,75.31738257769408
4.201494517510674,0.1221442329691697,23.51400020891043,0.117,4.268,6463.672,96.74281184881328,75.31738257769408
4.201478294983963,0.1193166984269139,23.515709016761587,0.117,4.268,6469.359,96.75532471327672,75.31738257769408
4.201530977238273,0.119650551524952,23.513517359851846,0.116,4.268,6475.062,96.76790789187952,75.31738257769408
4.201419889247273,0.1196976220829813,23.51021713414739,0.116,4.268,6480.672,96.78029074348886,75.31738257769408
4.201695899884602,0.1196833199554354,23.51498602995457,0.116,4.268,6486.375,96.7928773682188,75.31738257769408
4.200724712181546,0.1109669947882475,23.50326670562465,0.106,4.262,6492.062,96.80451459070322,75.31738257769408
4.19950163885085,0.1003596179874999,23.496625020383,0.097,4.251,6497.734,96.81501164651306,75.31738257769408
4.199288986070465,0.0981381026282996,23.503138561891333,0.097,4.257,6503.359,96.8251912876602,75.31738257769408
4.199673854482854,0.0970472316932364,23.504514309107773,0.097,4.251,6509.031,96.83534188635419,75.31738257769408
4.199671269422445,0.0979913600527981,23.505849182504434,0.097,4.257,6514.703,96.84559123560423,75.31738257769408
4.198597874975555,0.0869532478476663,23.497727606642584,0.088,4.251,6520.312,96.8545850419638,75.31738257769408
4.198217138138019,0.0864661185191019,23.497918654532228,0.088,4.251,6525.984,96.86362891528611,75.31738257769408
4.1983951924332965,0.0882595023739207,23.49309463888789,0.088,4.251,6531.672,96.87288640731374,75.31738257769408
4.198244841142133,0.0893209118846582,23.482873509462483,0.088,4.251,6537.297,96.88215146141171,75.31738257769408
4.198034016390146,0.0910008902533167,23.485415871202587,0.088,4.251,6542.969,96.8916696465432,75.31738257769408
4.198209534102463,0.0891523069763842,23.478536504062497,0.088,4.251,6548.641,96.90099448018321,75.31738257769408
4.198080417570307,0.0898000602673667,23.48532788569445,0.088,4.251,6554.25,96.91028273994479,75.31738257769408
4.19832445549574,0.0921135854297568,23.484814074646483,0.088,4.246,6559.922,96.91991730678043,75.31738257769408
4.198244392673336,0.0924348147849293,23.47577248354901,0.088,4.251,6565.609,96.92961104055246,75.31738257769408
4.197026804588374,0.0818210922626886,23.481548548981195,0.079,4.246,6571.234,96.93809815549757,75.31738257769408
4.196775755238976,0.0797720919650605,23.48122258813606,0.08,4.246,6576.922,96.94646540758407,75.31738257769408
4.197018254485342,0.0777636477970075,23.47020097509538,0.079,4.246,6582.609,96.95462056103614,75.31738257769408
4.196873207306674,0.0809673592527704,23.47539931130493,0.08,4.246,6588.297,96.96311318406958,75.31738257769408
4.19689699272201,0.0823869340755601,23.47677293265764,0.08,4.246,6593.922,96.97165899249305,75.31738257769408
4.196053594403516,0.070306843146986,23.47423917706151,0.07,4.241,6599.609,96.97903214319827,75.31738257769408
4.196784586622794,0.0813223865706697,23.46803355567184,0.08,4.246,6605.281,96.98753801087233,75.31738257769408
4.196742406164716,0.0818860341074156,23.47357878090878,0.08,4.246,6610.906,96.99603186208661,75.31738257769408
4.196720009454702,0.0810731543667979,23.466318529585998,0.08,4.246,6616.641,97.00460584823365,75.31738257769408
4.196668003836371,0.0812951349879832,23.466957025202845,0.08,4.246,6622.281,97.01306089365536,75.31738257769408
4.196681070040424,0.080129213671473,23.467368388722157,0.08,4.246,6628.016,97.02153505225148,75.31738257769408
4.196554402642344,0.0829142193989376,23.471402993833543,0.08,4.241,6633.703,97.03023035142677,75.31738257769408
4.196599450287905,0.0834457385855979,23.476351813034245,0.08,4.246,6639.344,97.03891060769793,75.31738257769408
4.196701536627625,0.0840495897314412,23.462010770675064,0.08,4.246,6644.953,97.04760408095345,75.31738257769408
4.195944933783943,0.0722155347868327,23.459407005253382,0.07,4.241,6650.594,97.0551161403987,75.31738257769408
4.1964988342473095,0.0865314127256567,23.455917109757703,0.08,4.246,6656.312,97.06424024445734,75.31738257769408
4.196652882755279,0.0865375667019661,23.465453684982705,0.08,4.246,6661.969,97.07326765394322,75.31738257769408
4.196218711740232,0.0826481694512866,23.458772647379497,0.08,4.246,6667.687,97.08198229842407,75.31738257769408
4.196542050567683,0.0825625932391069,23.454678756732054,0.08,4.246,6673.312,97.09054632757119,75.31738257769408
4.196497924017896,0.0831760921335355,23.45657973152593,0.08,4.246,6679.0,97.09927062341588,75.31738257769408
4.196542657663162,0.0801012913346156,23.460427518930537,0.08,4.246,6684.609,97.10755571363674,75.31738257769408
4.196442721165594,0.0840864809928271,23.454916009277675,0.08,4.246,6690.281,97.1163506901575,75.31738257769408
4.196634196850352,0.0831485013724567,23.46187797643152,0.082,4.246,6695.953,97.12504755924601,75.31738257769408
4.195768996806606,0.0738045149736124,23.45436134558869,0.07,4.241,6701.562,97.13268135709215,75.31738257769408
4.196645903344496,0.0826493703066952,23.455223624185354,0.08,4.246,6707.234,97.14132601985746,75.31738257769408
4.196474380067594,0.0838274236431415,23.4571080545744,0.08,4.246,6712.922,97.15011863351604,75.31738257769408
4.196404541085474,0.0800592760526819,23.452528062944054,0.08,4.246,6718.547,97.15842299929133,75.31738257769408
4.196453719742409,0.0786472857614793,23.45530688997027,0.08,4.246,6724.219,97.1666490663538,75.31738257769408
4.196557146737153,0.07874439598366,23.44251781113825,0.08,4.246,6729.891,97.17488529060341,75.31738257769408
4.196711784851807,0.0847633073809554,23.445606839480448,0.08,4.246,6735.516,97.1836775948,75.31738257769408
4.196703128753038,0.0857754230637163,23.442871684988905,0.08,4.246,6741.203,97.19267295133635,75.31738257769408
4.196224480266556,0.0811572080943288,23.43716673038401,0.08,4.246,6746.875,97.20116154226385,75.31738257769408
4.1967526993692,0.0805093651234247,23.442302460087003,0.08,4.246,6752.484,97.20948884064516,75.31738257769408
4.196562158401481,0.080837690199129,23.433326026324384,0.08,4.246,6758.156,97.21794401178445,75.31738257769408
4.196674098788,0.0832987804834552,23.423430957292027,0.08,4.246,6763.844,97.22668117634457,75.31738257769408
4.196756076254551,0.0810716550214737,23.432437437174187,0.08,4.246,6769.531,97.23518324390498,75.31738257769408
4.196714836623916,0.0805819856983334,23.430321361815437,0.08,4.246,6775.156,97.24354182915744,75.31738257769408
4.196670492316829,0.0821476462964971,23.428217751500277,0.08,4.246,6780.844,97.252158251868,75.31738257769408
4.196640569880129,0.0812125889986722,23.43858003624205,0.08,4.246,6786.516,97.26065263532895,75.31738257769408
4.196566288352069,0.0781861772420237,23.43368110969657,0.08,4.246,6792.141,97.26876270884448,75.31738257769408
4.195728577536744,0.0729750506357508,23.43232340091952,0.07,4.241,6797.812,97.27639414608143,75.31738257769408
4.1965977142679085,0.0825174525251112,23.42821412806856,0.08,4.246,6803.484,97.28502501098319,75.31738257769408
4.196544311382162,0.0849670020457845,23.435238859199558,0.08,4.246,6809.109,97.29383844396192,75.31738257769408
4.196829634302596,0.0813902215932819,23.440001039951262,0.08,4.246,6814.781,97.30235140680067,75.31738257769408
4.196674022332632,0.0825908019434462,23.44108947291492,0.08,4.246,6820.469,97.31101431187017,75.31738257769408
4.196296235628051,0.0820797483426594,23.44096893216515,0.08,4.246,6826.078,97.3195040391766,75.31738257769408
4.196888392395924,0.0832326646505254,23.444833784152365,0.08,4.246,6831.734,97.32818515366601,75.31738257769408
4.196607139793163,0.0819006803382367,23.447867742249443,0.08,4.246,6837.437,97.33679832657039,75.31738257769408
4.196632715120215,0.0825552018062462,23.4454112864995,0.08,4.246,6843.047,97.34533875365453,75.31738257769408
4.196636405548328,0.0803666600250402,23.43029923779087,0.08,4.246,6848.719,97.35374465766701,75.31738257769408
4.1967888188235305,0.0824330228290311,23.43677366098379,0.08,4.246,6854.375,97.36234237001818,75.31738257769408
4.19672148257634,0.0844149122188766,23.42666877906369,0.08,4.246,6860.0,97.37109853598066,75.31738257769408
4.1967888802528055,0.0795304601493673,23.432359497581725,0.08,4.246,6865.656,97.37939351287285,75.31738257769408
4.196745036202294,0.0813624387769734,23.426173727466885,0.08,4.246,6871.359,97.38795008102605,75.31738257769408
4.196863832851164,0.081339076243128,23.42365745662245,0.08,4.246,6876.969,97.39636469857344,75.31738257769408
4.196875306759308,0.0807746407165838,23.42866122361697,0.08,4.246,6882.625,97.40478944271499,75.31738257769408
4.1971105408265785,0.0821166010930725,23.429635828580157,0.08,4.246,6888.297,97.4133783807946,75.31738257769408
4.196760229512015,0.0822535349256387,23.42581809331893,0.08,4.246,6893.922,97.42191035202904,75.31738257769408
4.19707069540218,0.0786823622360286,23.412789383240348,0.08,4.246,6899.594,97.43014008789496,75.31738257769408
4.197068232447173,0.0840774478954432,23.42626861292933,0.08,4.246,6905.281,97.43895737603499,75.31738257769408
4.196903258457755,0.0812186828743555,23.42246605457764,0.08,4.246,6910.906,97.44738200443072,75.31738257769408
4.197032662971113,0.0820597330248818,23.42375673237421,0.08,4.246,6916.578,97.45596499442783,75.31738257769408
4.1971733750616655,0.079184127751382,23.414865642795142,0.08,4.246,6922.25,97.46424721216567,75.31738257769408
4.196828131472422,0.0807362431787686,23.421708820483104,0.08,4.246,6927.859,97.47259797714942,75.31738257769408
4.197033623840175,0.0830925474149697,23.41870846273413,0.079,4.246,6933.547,97.48131351003323,75.31738257769408
4.197032025370395,0.080579614998697,23.410253330222297,0.079,4.246,6939.219,97.4897416879472,75.31738257769408
4.196977474477922,0.0817861234100421,23.416475278512568,0.08,4.246,6944.844,97.49822517565312,75.31738257769408
4.197094381852597,0.0819325117057741,23.41421421683877,0.08,4.246,6950.516,97.50679485901045,75.31738257769408
4.19730507322199,0.0818517907150952,23.412666593874537,0.079,4.246,6956.187,97.51535459001623,75.31738257769408
4.197138848518379,0.0792709226298346,23.41496376783336,0.079,4.246,6961.797,97.52355525478114,75.31738257769408
4.197035905858302,0.078929523418478,23.4043974048665,0.079,4.246,6967.484,97.53183267480468,75.31738257769408
4.197183724259227,0.0793357758329643,23.40639560490564,0.079,4.246,6973.156,97.5401307540853,75.31738257769408
4.19719387146753,0.0807077232459162,23.401135461602998,0.079,4.246,6978.844,97.54859614403675,75.31738257769408
4.1971299098334685,0.084192182406656,23.398883545614225,0.079,4.246,6984.469,97.55732920674473,75.31738257769408
4.19730020698469,0.0832976891607059,23.38870919022972,0.079,4.246,6990.156,97.566064720787,75.31738257769408
4.197384653577826,0.0810864842339869,23.39115546440441,0.079,4.246,6995.875,97.57461619226719,75.31738257769408
4.197311378440649,0.0809015289265378,23.395918208032796,0.079,4.246,7001.484,97.58298405319668,75.31738257769408
4.197249246256734,0.081605103074592,23.405609811185816,0.079,4.246,7007.172,97.59154356883869,75.31738257769408
4.197220383275804,0.0807020344374412,23.408006806711622,0.079,4.246,7012.844,97.59998455114257,75.31738257769408
4.197420043771487,0.0823777364792867,23.395773512615037,0.079,4.246,7018.469,97.6085294055204,75.31738257769408
4.19752910555346,0.0831281951103924,23.39684317712054,0.079,4.246,7024.141,97.61722415068725,75.31738257769408
4.197274300709219,0.0761756105329452,23.397833167833145,0.079,4.246,7029.828,97.6252127650437,75.31738257769408
4.197162076826099,0.0794889881508827,23.399126413201927,0.079,4.246,7035.453,97.63345797615798,75.31738257769408
4.1972922122801695,0.0817438166454896,23.39758971784468,0.079,4.246,7041.125,97.64200792306535,75.31738257769408
4.197575017802399,0.0829588633322485,23.397631778466668,0.079,4.246,7046.797,97.65068495707345,75.31738257769408
4.197661495718383,0.0809474208650874,23.38673524588562,0.079,4.246,7052.422,97.65908144808078,75.31738257769408
4.197411285716548,0.0790238982591167,23.391550118402296,0.079,4.246,7058.094,97.66734690670816,75.31738257769408
4.197568585903984,0.0872640104853099,23.38165616100527,0.079,4.246,7063.781,97.67649837293322,75.31738257769408
4.197679078334068,0.0801493682552296,23.38550706680641,0.079,4.246,7069.391,97.68478991387126,75.31738257769408
4.197594357270891,0.0746175659006989,23.385657045613225,0.079,4.246,7075.062,97.69259311874723,75.31738257769408
4.197750299018834,0.0819550044538371,23.38307055243722,0.079,4.246,7080.734,97.70116515472044,75.31738257769408
4.197483356439555,0.0819172206536412,23.38167129812096,0.079,4.246,7086.5,97.70987523446941,75.31738257769408
4.19785798659092,0.078307551573235,23.377764348437434,0.079,4.246,7092.141,97.71802100233175,75.31738257769408
4.197822317966929,0.0799862206127764,23.372871788351315,0.079,4.246,7097.828,97.72640923927315,75.31738257769408
4.197877251266538,0.0776682103758137,23.377062332659108,0.077,4.246,7103.484,97.73450998468714,75.31738257769408
4.197430790902547,0.0780485657325517,23.379838575629247,0.079,4.246,7109.187,97.74271804582675,75.31738257769408
4.19779266434122,0.0820522700850909,23.38317644910225,0.079,4.246,7114.797,97.75120644406718,75.31738257769408
4.197722866303406,0.0789452633617215,23.38148306583262,0.077,4.246,7120.469,97.75946367792326,75.31738257769408
4.197878455639931,0.0818226439422647,23.373873849157967,0.079,4.246,7126.156,97.76804450246158,75.31738257769408
4.197749456638682,0.0806926033317146,23.379659065307237,0.077,4.246,7132.047,97.77681037263577,75.31738257769408
4.197929122670521,0.0790710802951777,23.370081621986657,0.077,4.246,7137.719,97.78508076624075,75.31738257769408
4.197635393895702,0.0786457561281726,23.368550687341,0.077,4.246,7143.875,97.79400860191272,75.31738257769408
4.1981815789075005,0.0820973396531773,23.358272486538503,0.077,4.246,7149.547,97.80259552535323,75.31738257769408
4.197987297127323,0.0789566216007287,23.34771551193001,0.077,4.246,7155.281,97.81094421910691,75.31738257769408
4.197622117001337,0.0790700960411824,23.36817389474489,0.077,4.246,7160.969,97.8192378392162,75.31738257769408
4.197722765623529,0.080106870329139,23.36342287955395,0.077,4.246,7166.578,97.82752350648735,75.31738257769408
4.197894934192453,0.0802262438304855,23.365911634767198,0.077,4.246,7172.234,97.83589105317917,75.31738257769408
4.197985588296929,0.0792048488351405,23.36434929926659,0.077,4.246,7177.906,97.8441754382267,75.31738257769408
4.1982269196092,0.0800944908361227,23.366390735270027,0.077,4.246,7183.516,97.85246130203494,75.31738257769408
4.19780726730055,0.0797234391802698,23.363220408068003,0.077,4.246,7189.203,97.86082198081817,75.31738257769408
4.198026293588158,0.0794025405248961,23.357474542397227,0.077,4.246,7194.859,97.86910361577411,75.31738257769408
4.198510510472056,0.0798744233700708,23.35536611655378,0.077,4.246,7200.484,97.877388807203,75.31738257769408
4.197957129353684,0.0748290703803553,23.359559207306752,0.077,4.246,7206.141,97.88519481198816,75.31738257769408
4.198172322419929,0.0795254475574944,23.34708137179665,0.077,4.246,7211.812,97.89351126338475,75.31738257769408
4.19723102900327,0.0700734495085239,23.350312022735263,0.068,4.241,7217.437,97.90077982218949,75.31738257769408
4.197243994951085,0.0685906012157435,23.34799392047928,0.068,4.235,7223.109,97.90795401618733,75.31738257769408
4.197183210833727,0.068495582563153,23.351587216477547,0.068,4.241,7228.781,97.91511827176451,75.31738257769408
4.196970134754545,0.0687071996252368,23.347802347974604,0.068,4.241,7234.391,97.92222610768178,75.31738257769408
4.1970957254923045,0.0683592416633244,23.354168734551543,0.068,4.241,7240.078,97.92939501142313,75.31738257769408
4.197076823311815,0.0703413618667796,23.357244005621627,0.068,4.241,7245.766,97.93677307927052,75.31738257769408
4.197359022765246,0.0690551884153761,23.35972266614421,0.068,4.241,7251.437,97.94399459308501,75.31738257769408
4.197261400885014,0.0715972465541727,23.35988437021153,0.068,4.241,7257.062,97.95142121187553,75.31738257769408
4.197172831291191,0.0693300637660283,23.34662528185464,0.068,4.241,7262.719,97.95865357233066,75.31738257769408
4.19718809041404,0.0702874456705966,23.35088425261694,0.068,4.241,7268.391,97.9660052467863,75.31738257769408
4.197308931432687,0.0714124639457687,23.345582850204963,0.068,4.241,7274.016,97.97341269849906,75.31738257769408
4.197247117394166,0.0690445363503179,23.34013306255639,0.068,4.241,7279.687,97.98063309836343,75.31738257769408
4.197128663681247,0.0671953546682938,23.34424378015533,0.068,4.235,7285.375,97.98768118319738,75.31738257769408
4.197217864601305,0.0701596001198835,23.34447952525553,0.068,4.241,7290.984,97.99493797777795,75.31738257769408
4.197197979090369,0.0688222278094046,23.34125086884645,0.068,4.241,7296.641,98.00211736189797,75.31738257769408
4.19719028987861,0.0682441328444061,23.335442362679707,0.068,4.235,7302.312,98.0092540587835,75.31738257769408
4.19720043982801,0.06931951047653,23.34581865345945,0.068,4.241,7307.922,98.01642523893666,75.31738257769408
4.197182205399106,0.0714875746774554,23.33828633946816,0.068,4.241,7313.609,98.02392221416773,75.31738257769408
4.197402434543838,0.0687860606745921,23.34505181394216,0.068,4.241,7319.297,98.03113714730442,75.31738257769408
4.197360995187256,0.0685024582348042,23.348783575300622,0.068,4.241,7324.891,98.03820359100371,75.31738257769408
4.197183117481585,0.0695028942600418,23.353486580901716,0.068,4.241,7330.562,98.04547192409443,75.31738257769408
4.197090524113002,0.0684407968123037,23.35631729077009,0.068,4.241,7336.234,98.0526304493879,75.31738257769408
4.197325916761822,0.068563562169344,23.352472591668544,0.068,4.241,7341.844,98.05972342585123,75.31738257769408
4.197224876549505,0.0694422934574401,23.350478372916093,0.068,4.241,7347.5,98.06696621331264,75.31738257769408
4.197252130497229,0.0653454553813631,23.35417809164109,0.068,4.241,7353.187,98.07381905819746,75.31738257769408
4.197254105404623,0.0719262866311937,23.352141895479317,0.068,4.241,7358.797,98.08125991223169,75.31738257769408
4.1973009904042815,0.0698747898754817,23.34400451078405,0.068,4.241,7364.469,98.0885684251947,75.31738257769408
4.19756829874384,0.0695489019037437,23.353729293208293,0.068,4.241,7370.141,98.09584285209503,75.31738257769408
4.197464605780521,0.072853332605153,23.35283366570692,0.068,4.241,7375.75,98.10337826661166,75.31738257769408
4.1962555867047175,0.057917421816839,23.33642506047651,0.057,4.235,7381.422,98.10943610562464,75.31738257769408
4.196519075974302,0.058977191580693,23.351763850156424,0.058,4.235,7387.094,98.11560479063903,75.31738257769408
4.19641486582003,0.0588991030657086,23.34582203608649,0.058,4.235,7392.734,98.12173055193819,75.31738257769408
4.196101625224308,0.0547254085266027,23.337053413822705,0.058,4.235,7398.406,98.1274545241796,75.31738257769408
4.196119702413794,0.0603535965737589,23.33809667611895,0.058,4.235,7404.078,98.13376717347285,75.31738257769408
4.196354490986825,0.0581804320882895,23.33083187574257,0.058,4.235,7409.672,98.1397688376225,75.31738257769408
4.196123295984831,0.0599057488543041,23.33748243207758,0.058,4.23,7415.344,98.14603464454427,75.31738257769408
4.196382313959315,0.0592400673768442,23.3351459559316,0.058,4.235,7421.016,98.1522308248995,75.31738257769408
4.19627995848607,0.0562510620289901,23.33628451672464,0.058,4.235,7426.609,98.15803242553864,75.31738257769408
4.196310206652688,0.0587764222359704,23.328469742414587,0.058,4.235,7432.297,98.16419745304984,75.31738257769408
4.196191830247319,0.0607563939681249,23.324811865541623,0.058,4.235,7437.953,98.17053430666634,75.31738257769408
4.196024881265755,0.0597088816169385,23.331472075348103,0.058,4.235,7443.562,98.1767101555564,75.31738257769408
4.196161631398811,0.0611608995833986,23.327707783774635,0.058,4.235,7449.25,98.18312528962205,75.31738257769408
4.196468664969383,0.0598177535478042,23.32284700961944,0.058,4.235,7454.922,98.18938189272598,75.31738257769408
4.196171867487022,0.0576577262838377,23.32028530839841,0.058,4.235,7460.578,98.19539555725505,75.31738257769408
4.196205868041847,0.0565097165415807,23.326014328020744,0.058,4.235,7466.203,98.20125718103128,75.31738257769408
4.196170598502123,0.057859764018039,23.32249306544453,0.058,4.235,7471.859,98.20729191796875,75.31738257769408
4.19630815383508,0.0588905372280538,23.32200687163534,0.058,4.235,7477.531,98.21345153942157,75.31738257769408
4.196012183089458,0.0600726669986484,23.32029532113015,0.058,4.235,7483.141,98.219666123373,75.31738257769408
4.196044597052867,0.0566958055845279,23.31688961426571,0.058,4.235,7488.844,98.22562859858608,75.31738257769408
4.196446000941365,0.0581989549697026,23.310634035375543,0.058,4.235,7494.5,98.23169871292615,75.31738257769408
4.1962184950970896,0.0589559375531006,23.31643286391757,0.058,4.235,7500.109,98.23779668280332,75.31738257769408
4.1961233533779065,0.0588821085499281,23.32200594759508,0.058,4.235,7505.781,98.24395542266348,75.31738257769408
4.196385858546479,0.0609893906907972,23.30625490134117,0.058,4.23,7511.719,98.2506337357037,75.31738257769408
4.196403954548023,0.0613614531847541,23.309142454771965,0.058,4.235,7517.344,98.25699861903607,75.31738257769408
4.19624714482039,0.0645334845356438,23.313998486492025,0.058,4.235,7523.047,98.2637853521637,75.31738257769408
4.196033306690724,0.0595212205250587,23.312356768306472,0.058,4.235,7528.734,98.2700274035693,75.31738257769408
4.196165346882332,0.0623597766672285,23.31184469437774,0.058,4.235,7534.437,98.27658553637715,75.31738257769408
4.196300026882329,0.0570737982727219,23.30867466933598,0.058,4.235,7540.062,98.28250567106247,75.31738257769408
4.196364093268628,0.0563907362023582,23.301809564614956,0.058,4.235,7545.75,98.28842046524082,75.31738257769408
4.196447726331081,0.0615389369514701,23.30168900873647,0.058,4.235,7551.437,98.29487411663622,75.31738257769408
4.196380387552425,0.0607511410016359,23.315191045943397,0.058,4.235,7557.078,98.30119361816617,75.31738257769408
4.196237344562042,0.0564655794502672,23.31244140139074,0.058,4.235,7562.75,98.30709960257212,75.31738257769408
4.196266644391178,0.0611057365285999,23.30575473591617,0.058,4.235,7568.437,98.31350782379515,75.31738257769408
4.196189394827022,0.056471113610084,23.29438147973101,0.058,4.235,7574.125,98.31943104871682,75.31738257769408
4.196261149249576,0.059541249124259,23.29114737557035,0.058,4.235,7579.75,98.32560712644101,75.31738257769408
4.196168249941553,0.0589642138691476,23.29820780665498,0.058,4.235,7585.453,98.33180816124472,75.31738257769408
4.196351361313611,0.0546570525065633,23.29767595368148,0.058,4.235,7591.125,98.33752498382802,75.31738257769408
4.196249663692452,0.0558545024149009,23.29652310546975,0.058,4.235,7596.75,98.34331864373999,75.31738257769408
4.196316850810472,0.0592867323292378,23.302075860360528,0.057,4.23,7602.422,98.34951970498877,75.31738257769408
4.19630368103089,0.0578273090595487,23.307422402367408,0.057,4.235,7608.109,98.35558411416272,75.31738257769408
4.196446438050821,0.059121386237493,23.30020274504655,0.058,4.235,7613.719,98.36170028706557,75.31738257769408
4.196103126792818,0.0567674420828711,23.29897852461764,0.057,4.235,7619.406,98.36765354690334,75.31738257769408
4.196389778533877,0.0559789523770465,23.30192332077492,0.058,4.235,7625.078,98.37350863283393,75.31738257769408
4.196454531257104,0.0584992446706021,23.282368118136315,0.057,4.235,7630.703,98.37957662581705,75.31738257769408
4.196317907391133,0.0582034675481499,23.287039731172044,0.057,4.235,7636.375,98.38566438361676,75.31738257769408
4.19692335994924,0.0611550418427147,23.289286144052276,0.057,4.235,7642.047,98.39206085961126,75.31738257769408
4.196527920086242,0.0606045753777299,23.30250045503425,0.057,4.235,7647.656,98.39832935249615,75.31738257769408
4.196484663657432,0.0594455431383962,23.290168211306504,0.057,4.235,7653.344,98.40456456374118,75.31738257769408
4.196373818896391,0.0571503394655885,23.30430243759271,0.057,4.235,7659.016,98.41054217022226,75.31738257769408
4.196472600305983,0.0574794155797275,23.295847654894885,0.057,4.235,7664.641,98.41650437866403,75.31738257769408
4.196495457315953,0.0568539027479058,23.29857521846234,0.057,4.235,7670.312,98.42244993110582,75.31738257769408
4.196503331068626,0.0568202118853458,23.30486638178162,0.057,4.235,7675.984,98.42839300808485,75.31738257769408
4.196456398019201,0.0565504951473149,23.291150768563305,0.057,4.235,7681.609,98.43425886173269,75.31738257769408
4.196785436815753,0.0585762199538043,23.287390710318785,0.057,4.235,7687.281,98.44038560735322,75.31738257769408
4.196469366130405,0.0583715526518223,23.29001720802033,0.057,4.235,7692.953,98.44649094591647,75.31738257769408
4.196561982773954,0.0616523898862673,23.28363242594665,0.057,4.235,7698.562,98.45286781705086,75.31738257769408
4.196087407676953,0.0566606937012468,23.2804615806331,0.057,4.235,7704.141,98.45869703821802,75.31738257769408
4.196476172558719,0.0622328221671509,23.28677149286168,0.057,4.235,7709.719,98.46509836930977,75.31738257769408
4.196853638545851,0.0568790693009401,23.282836773627576,0.057,4.235,7715.312,98.47096474112405,75.31738257769408
4.196412318626774,0.0570792705240974,23.273437963843804,0.057,4.235,7720.891,98.47683702524571,75.31738257769408
4.19645269692104,0.0577724733469349,23.279716518663317,0.057,4.235,7726.453,98.48276251470554,75.31738257769408
4.19659386853071,0.0613479682235187,23.273070528903457,0.057,4.235,7732.016,98.48905585953266,75.31738257769408
4.196342873779162,0.0574435388865028,23.278668455320403,0.057,4.235,7737.562,98.49493066292689,75.31738257769408
4.196948311038558,0.0574341399117901,23.27891024480572,0.057,4.235,7743.141,98.50083945581702,75.31738257769408
4.196708787858389,0.0596726321333188,23.279790556588917,0.057,4.235,7748.734,98.50699394905209,75.31738257769408
4.196644855777155,0.0571715148790833,23.267682176500777,0.057,4.235,7754.312,98.5128746689522,75.31738257769408
4.196733256697552,0.0601151200379796,23.275199555558945,0.057,4.235,7759.891,98.51905927961087,75.31738257769408
4.195579834249187,0.0478173725084703,23.27075621100673,0.047,4.23,7765.484,98.52399104958818,75.31738257769408
4.1965765193744025,0.0605052684253142,23.26730606362392,0.057,4.235,7771.062,98.5302146827531,75.31738257769408
4.19653746661952,0.0534173692748711,23.263838528817377,0.057,4.235,7776.641,98.5357102324778,75.31738257769408
4.196845226557125,0.0581180975934916,23.27432463749408,0.057,4.235,7782.203,98.54167117122188,75.31738257769408
4.196533816269994,0.0581292371910776,23.26844363136769,0.057,4.235,7787.812,98.54768363327553,75.31738257769408
4.19652795664866,0.0547785793724018,23.264863088253627,0.057,4.235,7793.375,98.5533030612552,75.31738257769408
4.197060062221235,0.056388440354572,23.258694609693084,0.057,4.23,7799.062,98.55921657479324,75.31738257769408
4.19668441367218,0.0577596420408298,23.266564346100235,0.057,4.235,7804.594,98.56510879472742,75.31738257769408
4.19676149269231,0.0594603136715756,23.266399152145524,0.057,4.235,7810.203,98.5712589335719,75.31738257769408
4.197182132304259,0.0603764074561328,23.26301565838391,0.057,4.235,7815.766,98.57745261141564,75.31738257769408
4.196853155235713,0.0590850632201441,23.268717238381956,0.057,4.235,7821.937,98.58417626818672,75.31738257769408
4.19670301010604,0.0600013444283189,23.264057339358686,0.057,4.235,7827.484,98.59031376715282,75.31738257769408
4.196836102815527,0.0557243780086263,23.26117943417982,0.057,4.23,7833.141,98.59612681225917,75.31738257769408
4.197284399189059,0.0540582400848189,23.26268524472565,0.057,4.235,7838.687,98.60165539804082,75.31738257769408
4.197042062532403,0.0542051777947963,23.26034450129467,0.057,4.235,7844.297,98.60726298373393,75.31738257769408
4.196809207424789,0.0556938634486058,23.26320798029483,0.057,4.235,7849.859,98.61297527856436,75.31738257769408
4.196857978464153,0.0601858013280982,23.25764014296343,0.057,4.235,7855.469,98.61920156638752,75.31738257769408
4.196781771618919,0.0558784547191803,23.25941669808104,0.057,4.23,7861.031,98.62493279399968,75.31738257769408
4.196710753754966,0.0590170151321574,23.258076506373094,0.057,4.235,7866.641,98.63103816959602,75.31738257769408
4.197016274280969,0.0596911017600221,23.259385176116343,0.057,4.235,7872.219,98.63717805675353,75.31738257769408
4.196843124296744,0.0582668637152326,23.255969707026612,0.055,4.235,7877.812,98.6431875623802,75.31738257769408
4.196130196991202,0.0486037088003574,23.256749323516893,0.047,4.23,7883.375,98.64817354493539,75.31738257769408
4.197100626661898,0.0608172951846315,23.259814266086828,0.057,4.235,7888.969,98.65444721749313,75.31738257769408
4.196922511330601,0.0580518155554791,23.24835843379588,0.055,4.235,7894.531,98.66040135795603,75.31738257769408
4.197207089120801,0.0621916753965791,23.25216406107656,0.057,4.235,7900.125,98.66681680616152,75.31738257769408
4.19701405370039,0.0598049039488924,23.24226548623828,0.055,4.235,7905.703,98.67296839912736,75.31738257769408
4.197026407547699,0.0566251268926715,23.2443319281374,0.055,4.235,7911.797,98.67933172145662,75.31738257769408
4.19720029329561,0.0542536161461669,23.23823722124388,0.055,4.235,7917.375,98.68491230333903,75.31738257769408
4.19712959245314,0.0594255571492776,23.247847579365168,0.055,4.235,7922.953,98.69102487630903,75.31738257769408
4.19646775472602,0.0475544472351993,23.25026942268106,0.046,4.23,7928.562,98.69594355963088,75.31738257769408
4.1968917726059765,0.0583555909420431,23.24957506173105,0.055,4.235,7934.125,98.70192993321463,75.31738257769408
4.196828253073691,0.0520512676876605,23.24739762742678,0.055,4.235,7939.734,98.70731373467048,75.31738257769408
4.197229084228304,0.0580515593887708,23.251013538412177,0.055,4.235,7945.297,98.71326891935817,75.31738257769408
4.196251247498142,0.0472928739462056,23.26250635320393,0.046,4.23,7950.875,98.71813351225093,75.31738257769408
4.197259300613334,0.0607282045826001,23.255415033215773,0.055,4.235,7956.437,98.7243621591362,75.31738257769408
4.197162175829671,0.0542465374286333,23.25597613287833,0.055,4.235,7962.047,98.72997402352924,75.31738257769408
4.197180695849797,0.0566842362394781,23.25412232560509,0.055,4.235,7967.625,98.73580462145517,75.31738257769408
4.197108814191077,0.055882451766886,23.254781988545904,0.055,4.235,7973.219,98.74156923500868,75.31738257769408
4.197445136587747,0.0568720060768234,23.25542759289267,0.055,4.235,7978.781,98.7474023671743,75.31738257769408
4.196456349745088,0.0486059966010831,23.25065626475585,0.046,4.23,7984.359,98.75240202919274,75.31738257769408
4.197207376929573,0.0566205840437102,23.250315741226668,0.055,4.235,7989.906,98.75819371235148,75.31738257769408
4.197293679394668,0.0567362422928796,23.245338493301105,0.055,4.235,7995.453,98.76399722611822,75.31738257769408
4.197085257363726,0.0539914387075535,23.23880762316719,0.055,4.235,8001.031,98.76955084016389,75.31738257769408
4.197377265862677,0.0554766724749473,23.24169977556169,0.055,4.235,8006.594,98.7752418816092,75.31738257769408
4.197321917747162,0.059424537554869,23.24908959661704,0.055,4.235,8012.203,98.78138832003451,75.31738257769408
4.197289452991159,0.0545738864146583,23.24559829294131,0.055,4.235,8017.797,98.78701794714188,75.31738257769408
4.197253149585414,0.0565841062200172,23.25261203340566,0.055,4.23,8023.375,98.79283824559263,75.31738257769408
4.1975254382319696,0.0546430899266262,23.248148089288275,0.055,4.235,8028.953,98.79845888914241,75.31738257769408
4.197346984519665,0.0561494790794823,23.25277547054523,0.055,4.235,8034.562,98.80426657953386,75.31738257769408
4.197427537152024,0.0570159099449269,23.24534377425081,0.055,4.235,8040.125,98.81011552273942,75.31738257769408
4.197609875156012,0.0572372109919681,23.2393442815292,0.055,4.235,8045.703,98.81600300020821,75.31738257769408
4.196768754297163,0.0506513938638034,23.23729468843118,0.046,4.23,8051.266,98.82119904331756,75.31738257769408
4.196532163417567,0.0462507731389917,23.233075905247656,0.046,4.23,8056.812,98.82592915229569,75.31738257769408
4.197149149539726,0.0555459994029601,23.241960886134752,0.055,4.235,8062.391,98.83164369432332,75.31738257769408
4.197239898984105,0.0552649333917028,23.24513883450668,0.055,4.235,8067.937,98.83729568973594,75.31738257769408
4.197382647812341,0.0551889762756874,23.25154774345484,0.055,4.235,8073.578,98.84303659952397,75.31738257769408
4.197512378332524,0.0568169894726791,23.247800164304756,0.055,4.235,8079.125,98.84884837286785,75.31738257769408
4.197404418819062,0.0615655410176737,23.248398252416933,0.055,4.235,8084.687,98.85516290197235,75.31738257769408
4.1974023947598,0.0609178245019898,23.25751796879217,0.055,4.235,8090.25,98.86141212076167,75.31738257769408
4.197577499536671,0.0537404628141834,23.249351425925592,0.055,4.235,8095.812,98.86692406317167,75.31738257769408
4.197708627461867,0.0565541506538776,23.24962437018667,0.055,4.235,8101.406,98.87275796653594,75.31738257769408
4.197503085957322,0.058556960096671,23.25388785070831,0.055,4.235,8106.984,98.87878119473376,75.31738257769408
4.197606850858806,0.0554296683907964,23.25882002399129,0.054,4.235,8112.562,98.88448274654067,75.31738257769408
4.196838781489005,0.0486454852670906,23.25307440526984,0.046,4.23,8118.125,98.88947301470984,75.31738257769408
4.19701493189235,0.0459497879924755,23.253428617581807,0.046,4.23,8123.734,98.89422572384603,75.31738257769408
4.196787357885051,0.0453578743999174,23.246921108774643,0.046,4.23,8129.297,98.89887873441005,75.31738257769408
4.197064385249581,0.0450942152378886,23.256775580774352,0.046,4.23,8134.891,98.9035304759877,75.31738257769408
4.1965591706720335,0.0456441626486138,23.251960560530417,0.046,4.23,8140.469,98.90822548076724,75.31738257769408
4.196457840750838,0.0470920085680708,23.24279943468616,0.046,4.23,8146.062,98.91308243843439,75.31738257769408
4.197458435650532,0.0567069042934907,23.24859298016475,0.055,4.23,8151.641,98.91891641372197,75.31738257769408
4.19766660011856,0.0539430641795405,23.23448242135983,0.055,4.235,8157.219,98.92446505191471,75.31738257769408
4.196890317793561,0.0463677645493905,23.2366720691976,0.046,4.224,8162.766,98.92920798075562,75.31738257769408
4.196698166547511,0.0442829945068478,23.23943794768256,0.046,4.23,8168.406,98.93381360358927,75.31738257769408
4.196935219013456,0.0487875670456164,23.24263087274797,0.046,4.23,8173.969,98.93881844713317,75.31738257769408
4.196681666841808,0.0450397040595176,23.23384452317128,0.046,4.23,8179.562,98.94346373499855,75.31738257769408
4.1968844660282505,0.0463049867302644,23.23770262444706,0.046,4.23,8185.125,98.94821390451756,75.31738257769408
4.196559053997479,0.0438271241020314,23.239181622896226,0.046,4.23,8190.703,98.95272200687268,75.31738257769408
4.196919235586616,0.043424069115369,23.24342877819834,0.046,4.23,8196.25,98.95716382699918,75.31738257769408
4.196715244698429,0.0500431690803448,23.23544078278685,0.046,4.23,8201.812,98.96229655291073,75.31738257769408
4.196764133320201,0.0498262397688644,23.247344069055995,0.046,4.23,8207.375,98.96740794807808,75.31738257769408
4.196493745952649,0.0488065043607991,23.237249916033036,0.046,4.23,8212.953,98.97242823452767,75.31738257769408
4.197441405394763,0.0603082072276844,23.23212116475901,0.055,4.235,8218.547,98.97864939157752,75.31738257769408
4.197553062702317,0.0587021270404014,23.23348039094937,0.055,4.235,8224.125,98.98468755179411,75.31738257769408
4.197689136340919,0.0553472595913365,23.22937634708109,0.054,4.235,8229.719,98.9903969570314,75.31738257769408
4.197582240239963,0.0529339566212891,23.227558557431337,0.054,4.235,8235.281,98.9958261793557,75.31738257769408
4.197939214158037,0.05292085505735,23.21943513263858,0.054,4.235,8240.828,99.00123941961382,75.31738257769408
4.197945625339141,0.0549162645290776,23.22181512761937,0.054,4.235,8246.422,99.00690436509855,75.31738257769408
4.197764293625212,0.0536134740459837,23.21971992547635,0.054,4.235,8251.984,99.01240328278303,75.31738257769408
4.197834916790263,0.0541088692266058,23.221664196148108,0.054,4.235,8257.594,99.01800090524804,75.31738257769408
4.1980249142987,0.0577435861866699,23.225481844555027,0.054,4.235,8263.156,99.02392343186843,75.31738257769408
4.198214617141672,0.0583902636613643,23.23044335509774,0.054,4.235,8268.734,99.02992951350213,75.31738257769408
4.197000875065115,0.0430010808116054,23.22371719582832,0.044,4.23,8274.312,99.0343526482081,75.31738257769408
4.197203067873374,0.0468869558084983,23.22854447694011,0.044,4.23,8279.906,99.03918932183981,75.31738257769408
4.197017783623439,0.0449162947673521,23.231510004653178,0.044,4.23,8285.469,99.04379703321989,75.31738257769408
4.1968619869854695,0.0464820084651578,23.22957344307572,0.044,4.23,8291.078,99.04860479133919,75.31738257769408
4.197204355939348,0.0471241469999183,23.226655050738675,0.044,4.23,8296.656,99.05345202880744,75.31738257769408
4.196757484525811,0.0450271384360539,23.21953304495113,0.044,4.23,8302.234,99.05808356585183,75.31738257769408
4.196741267430466,0.0435982123472278,23.22180495126076,0.044,4.23,8307.781,99.06254319897762,75.31738257769408
4.19680127792858,0.0491323440403285,23.21784749175524,0.044,4.23,8313.422,99.0676540811473,75.31738257769408
4.197014254714111,0.0437916321984677,23.215892870044573,0.044,4.23,8318.984,99.0721456121479,75.31738257769408
4.196876545619856,0.0452690747021156,23.221025320368742,0.044,4.23,8324.594,99.07682874807637,75.31738257769408
4.196816101185842,0.0494546214218254,23.22205948776237,0.044,4.23,8330.141,99.08188742952323,75.31738257769408
4.196965916825085,0.0458667187814513,23.21521375574188,0.044,4.23,8335.734,99.08661801371842,75.31738257769408
4.196256280217349,0.0360683714263005,23.22212953817663,0.035,4.224,8341.297,99.09031806614578,75.31738257769408
4.19604083553883,0.0367084356628385,23.2183548820996,0.035,4.224,8346.875,99.09409393300118,75.31738257769408
4.195752497019085,0.0384028859428438,23.219087975592373,0.035,4.224,8352.437,99.09803276204376,75.31738257769408
4.196008232848007,0.0382348421273653,23.21149212803768,0.036,4.224,8358.047,99.1019881988196,75.31738257769408
4.196021974461446,0.0365281763522961,23.211671563382787,0.036,4.224,8363.625,99.10574552401982,75.31738257769408
4.195893582658692,0.0381051954788951,23.212629813337525,0.036,4.224,8369.219,99.10967630585512,75.31738257769408
4.1959001305758745,0.0413880601659025,23.20798107658463,0.036,4.224,8374.781,99.11392131217158,75.31738257769408
4.195848040217544,0.0374301547063698,23.20828372820103,0.036,4.224,8380.359,99.11777141577845,75.31738257769408
4.196112925997841,0.0350345260044666,23.20355485995515,0.036,4.224,8385.937,99.12137510259174,75.31738257769408
4.195692057386104,0.0333548633959675,23.20836104686849,0.036,4.224,8391.531,99.12481585888516,75.31738257769408
4.19591149844669,0.0346843568811739,23.20753185700404,0.036,4.224,8397.109,99.1283835269479,75.31738257769408
4.195595706927288,0.0359784985281931,23.21271081199341,0.036,4.224,8402.703,99.13209492710472,75.31738257769408
4.1958543717505,0.040093551629821,23.202559399460306,0.036,4.224,8408.281,99.13621899041553,75.31738257769408
4.195309181481268,0.0381493000711803,23.20049631159869,0.036,4.224,8413.844,99.14013251367005,75.31738257769408
4.196650316334209,0.0502428433302149,23.204064695452637,0.046,4.23,8419.406,99.14528571936366,75.31738257769408
4.196957892147791,0.0473613608875402,23.203474810613383,0.046,4.224,8425.031,99.15019840511124,75.31738257769408
4.196650759147205,0.0456201890128806,23.205511076475336,0.046,4.23,8430.578,99.15486486493089,75.31738257769408
4.196962384567315,0.045087293274892,23.201109043541187,0.044,4.23,8436.141,99.15949011809113,75.31738257769408
4.196872107371472,0.0472121166178789,23.198489901550644,0.046,4.23,8441.719,99.16434640420334,75.31738257769408
4.196884299414997,0.0451240446831722,23.1917717675618,0.046,4.23,8447.266,99.16896211373832,75.31738257769408
4.197007772722714,0.0473451232924645,23.1883136945848,0.046,4.23,8452.875,99.17385914612643,75.31738257769408
4.1970753498103885,0.0473026700923486,23.19263381610326,0.044,4.23,8458.437,99.1787107901156,75.31738257769408
4.196809869931465,0.0438938689503483,23.1828925261698,0.044,4.23,8464.016,99.18322656733751,75.31738257769408
4.196944975973493,0.0453723284317429,23.202764249546053,0.044,4.23,8469.578,99.18788022397213,75.31738257769408
4.19718407500778,0.0452514181861381,23.20053437211047,0.044,4.23,8475.187,99.19256069885645,75.31738257769408
4.196946835416575,0.0447002596986952,23.199175718240557,0.044,4.23,8480.781,99.19717180153282,75.31738257769408
4.196859245272852,0.0440312757997563,23.20068686008102,0.044,4.224,8486.375,99.20171389446591,75.31738257769408
4.196571812641993,0.0474505923678775,23.2000656577843,0.044,4.224,8491.937,99.20658071024597,75.31738257769408
4.196944812566215,0.0460614214248764,23.19938821926805,0.044,4.23,8497.531,99.21133222500318,75.31738257769408
4.1969617968655575,0.0504373563289385,23.208668679758308,0.044,4.23,8503.109,99.21652026253726,75.31738257769408
4.197174539316732,0.0457164403089034,23.20751109558617,0.044,4.23,8508.703,99.22123619040174,75.31738257769408
4.197150480222165,0.0467848859106455,23.21468132676589,0.044,4.23,8514.25,99.22602178631865,75.31738257769408
4.197355195005503,0.0454062964302654,23.20085644512904,0.044,4.23,8519.797,99.23066636720347,75.31738257769408
4.197407240869562,0.0485308589990834,23.20442892089168,0.044,4.23,8525.375,99.23565830049208,75.31738257769408
4.1970289304268,0.0470219711136422,23.195808039537493,0.044,4.23,8530.953,99.24049502804523,75.31738257769408
4.197187249809927,0.0457661110449058,23.201952871151207,0.044,4.224,8536.562,99.24522873898482,75.31738257769408
4.197081449032656,0.0423111673350914,23.20272986736729,0.044,4.23,8542.125,99.24956920491692,75.31738257769408
4.196940539621936,0.0472748612711163,23.19431713753028,0.044,4.23,8547.719,99.25444589334785,75.31738257769408
4.196860618952536,0.0464068050720284,23.19849579822741,0.044,4.23,8553.406,99.25931262256266,75.31738257769408
4.197265820364277,0.0451198270329926,23.19530741454633,0.044,4.23,8558.969,99.26394121317912,75.31738257769408
4.1972423122871465,0.0437674144780555,23.21377104011199,0.044,4.23,8564.531,99.26843026026589,75.31738257769408
4.197174504136787,0.0470183325957661,23.2004687055974,0.044,4.23,8570.109,99.27326661355741,75.31738257769408
4.197291502464514,0.0436251610795805,23.19644769281497,0.044,4.23,8575.656,99.27772900325171,75.31738257769408
4.1971651886675305,0.0461435584410613,23.18673439327801,0.044,4.23,8581.266,99.28250260549176,75.31738257769408
4.197348204070998,0.0413575813719784,23.182828648198985,0.044,4.23,8586.828,99.28674448572131,75.31738257769408
4.197486134747174,0.0453524184558576,23.194370194660216,0.044,4.23,8592.422,99.29142286252562,75.31738257769408
4.19736476757892,0.0449210087425217,23.1939328066298,0.044,4.23,8598.0,99.29604348296229,75.31738257769408
4.19720344253204,0.0467494445658611,23.18886067836519,0.044,4.23,8603.578,99.30085217815883,75.31738257769408
4.197273196205545,0.0501498633291836,23.18788229189191,0.044,4.23,8609.141,99.30599677205662,75.31738257769408
4.196668854210453,0.0357693354679385,23.185532410766804,0.035,4.224,8614.75,99.30969648983337,75.31738257769408
4.196339671080964,0.0356979953818863,23.186479851934617,0.035,4.224,8620.312,99.31335788916627,75.31738257769408
4.196589675907039,0.0386970043720651,23.191417936256844,0.035,4.224,8626.094,99.31748387486581,75.31738257769408
4.1965789458897325,0.0363401095094772,23.18868629518509,0.035,4.224,8631.672,99.3212218553202,75.31738257769408
4.196527844172678,0.0361117974825812,23.192395651162,0.035,4.224,8637.328,99.32498829304846,75.31738257769408
4.196185837900724,0.03384173397517,23.191156616052982,0.035,4.224,8642.922,99.3284792729926,75.31738257769408
4.196177349932361,0.0373413718189113,23.191087363777477,0.035,4.224,8648.531,99.3323415906823,75.31738257769408
4.195177237994164,0.026960519586171,23.19367054070415,0.025,4.219,8654.125,99.3351227316613,75.31738257769408
4.196198881566679,0.038817562734484,23.199747273059184,0.035,4.224,8659.734,99.33913773571494,75.31738257769408
4.196257653039146,0.033697463586787,23.204654895158686,0.035,4.224,8665.328,99.34261383329421,75.31738257769408
4.196057009112463,0.0343380117087492,23.203709908341093,0.035,4.224,8670.922,99.34615600729407,75.31738257769408
4.1960246505147865,0.0379669820201347,23.20222089752164,0.035,4.224,8676.5,99.3500613295019,75.31738257769408
4.196250525927617,0.036462318454031,23.202496277445977,0.035,4.224,8682.078,99.35381188049203,75.31738257769408
4.196255436913635,0.0362027656586503,23.19304348290385,0.035,4.224,8687.641,99.35752571967177,75.31738257769408
4.196128069616101,0.0350532784026533,23.196963571117625,0.035,4.224,8693.25,99.3611513737563,75.31738257769408
4.1962651051267965,0.0384688094608589,23.200362437354485,0.035,4.224,8698.828,99.36510831444274,75.31738257769408
4.196055856819705,0.0338786423820389,23.19168483574744,0.035,4.224,8704.437,99.36861247279047,75.31738257769408
4.196356918568058,0.0352763472084642,23.190558070607462,0.035,4.224,8710.016,99.37224168409048,75.31738257769408
4.1962535829835765,0.033429065126392,23.188669344278843,0.035,4.224,8715.594,99.37568023157252,75.31738257769408
4.196192146097665,0.0354479615504992,23.190783988146407,0.035,4.224,8721.172,99.37932644478464,75.31738257769408
4.196187166282019,0.0357713727427015,23.19395533306895,0.035,4.224,8726.781,99.38302637328216,75.31738257769408
4.19628126527026,0.0344437936738606,23.19529544471968,0.035,4.224,8732.344,99.38655976936715,75.31738257769408
4.1963036785665215,0.038836943923087,23.198597548637068,0.035,4.219,8737.953,99.3905767780688,75.31738257769408
4.195917842640338,0.0351216005880946,23.19031192733919,0.035,4.224,8743.516,99.39417970657291,75.31738257769408
4.195061964491049,0.0280358381859089,23.187284526189856,0.025,4.219,8749.094,99.39706350127182,75.31738257769408
4.196037068911499,0.0357058553947401,23.179123506022368,0.035,4.224,8754.672,99.40073624170584,75.31738257769408
4.196252196489692,0.0370319701050968,23.185365664602816,0.035,4.224,8760.25,99.4045453876415,75.31738257769408
4.19623470730492,0.0369871742466474,23.181990038646667,0.035,4.224,8765.812,99.40833901284829,75.31738257769408
4.196260284283467,0.0360382634329377,23.1849095958128,0.035,4.224,8771.406,99.4120565781172,75.31738257769408
4.19631163363696,0.0358951535088651,23.18895779693361,0.035,4.224,8776.984,99.41574878994687,75.31738257769408
4.1962486088718745,0.0354561437412197,23.17555010054019,0.035,4.224,8782.562,99.4193958447874,75.31738257769408
4.196286927373247,0.0368636359069836,23.169010399392423,0.035,4.224,8788.125,99.42317747894845,75.31738257769408
4.196329423063456,0.0355571607603303,23.175268403168907,0.035,4.224,8793.734,99.42685525092926,75.31738257769408
4.196330847767791,0.0388641703859439,23.16996361883629,0.035,4.224,8799.312,99.4308528588407,75.31738257769408
4.196134187085347,0.03192190940883,23.173503707413435,0.035,4.224,8804.906,99.43414579724647,75.31738257769408
4.196090477077582,0.0389161758152223,23.18405997677576,0.035,4.224,8810.469,99.43813798999305,75.31738257769408
4.196284916623568,0.0350019308949979,23.17371926119931,0.035,4.224,8816.078,99.4417583330679,75.31738257769408
4.196363385512616,0.0367688733927275,23.17940099206341,0.035,4.224,8821.641,99.44553024607278,75.31738257769408
4.196424537942672,0.0392628767584603,23.180999630671806,0.035,4.224,8827.219,99.44956886532535,75.31738257769408
4.196463998502277,0.0351646357798458,23.170964128301165,0.035,4.224,8832.797,99.45318593536186,75.31738257769408
4.196378998016257,0.0340234988961705,23.170910234819203,0.035,4.224,8838.406,99.45670507660523,75.31738257769408
4.19610874811383,0.034181490436534,23.16637058006981,0.035,4.224,8843.969,99.46021156446866,75.31738257769408
4.1963105355492285,0.0359525424872438,23.17767906918288,0.035,4.224,8849.578,99.46393023183612,75.31738257769408
4.19645025589404,0.036094918329356,23.177123781030023,0.035,4.224,8855.125,99.46762235783827,75.31738257769408
4.196440100516556,0.0338212879499378,23.181323439430223,0.035,4.224,8860.75,99.47113056275812,75.31738257769408
4.196368752400762,0.0346072696885378,23.17067349778143,0.035,4.224,8866.312,99.47468009075808,75.31738257769408
4.196441224207039,0.0348418265247665,23.17611994790221,0.035,4.224,8871.969,99.47831471381559,75.31738257769408
4.196296986396783,0.0374974632675731,23.17505534735764,0.035,4.224,8877.531,99.48216067730806,75.31738257769408
4.1962794544968745,0.0387708310183437,23.1667777447651,0.035,4.224,8883.141,99.48617156272847,75.31738257769408
4.196528420031786,0.0327626436225554,23.173819749137454,0.035,4.224,8888.703,99.48953189487655,75.31738257769408
4.196361992028736,0.0372593359867301,23.16489333533921,0.035,4.224,8894.281,99.49336442789698,75.31738257769408
4.19646332598402,0.0358479016529419,23.16265634905129,0.035,4.224,8899.844,99.49704186356378,75.31738257769408
4.196311537861903,0.0337998211175818,23.166739893728028,0.035,4.224,8905.453,99.5005378692179,75.31738257769408
4.196439481384079,0.0368745226668068,23.1635648228964,0.035,4.224,8911.016,99.50432062019073,75.31738257769408
4.196366614124035,0.0371047571894334,23.15956153621796,0.035,4.224,8916.625,99.50815846419817,75.31738257769408
4.196564807049281,0.0335013557248224,23.160795318798105,0.035,4.224,8922.203,99.51160444756434,75.31738257769408
4.19638381189091,0.035440559764273,23.152578356129133,0.035,4.224,8927.797,99.51526035607768,75.31738257769408
4.196412983098575,0.0347846284929341,23.151808735330373,0.035,4.224,8933.359,99.51882807505451,75.31738257769408
4.196423101142495,0.0371171897513816,23.151368726820944,0.035,4.224,8938.937,99.52264598676928,75.31738257769408
4.19646752159429,0.0333722986321526,23.16211372064608,0.035,4.224,8944.516,99.52607931059353,75.31738257769408
4.196569858147682,0.0349279979207747,23.166857279355742,0.035,4.224,8950.125,99.52969200658363,75.31738257769408
4.196543845713653,0.0362829842576603,23.159461318582757,0.035,4.224,8955.703,99.53342411107677,75.31738257769408
4.196299299387492,0.0361546697995657,23.15828984085894,0.035,4.224,8961.312,99.5371636850113,75.31738257769408
4.196593693772414,0.0373351843518044,23.157192532748645,0.035,4.224,8966.859,99.54098267702791,75.31738257769408
4.196381395458412,0.0342334017308893,23.1520754804243,0.035,4.224,8972.5,99.54454373005584,75.31738257769408
4.196718329431737,0.0337921143709977,23.15343077134781,0.035,4.224,8978.047,99.54800030372081,75.31738257769408
4.196598608881203,0.0348558610425289,23.142415187057548,0.035,4.224,8983.672,99.55161582254362,75.31738257769408
4.196422092796418,0.0380053680955871,23.149636099410984,0.035,4.224,8989.25,99.55552509318206,75.31738257769408
4.196343186277058,0.0359723836423109,23.147311674396093,0.035,4.224,8994.875,99.55925642634297,75.31738257769408
4.196525679241564,0.034644273093205,23.13881436485118,0.035,4.224,9000.437,99.56280974963283,75.31738257769408
4.196339530665241,0.033457597585948,23.143355766420825,0.035,4.224,9006.016,99.56625184896679,75.31738257769408
4.196544274689946,0.0359588123318752,23.136082755764686,0.035,4.224,9011.594,99.56995060880745,75.31738257769408
4.196574238881821,0.0344178532850189,23.134402887110184,0.035,4.219,9017.187,99.57350038426792,75.31738257769408
4.196595842633978,0.033817604669791,23.129282084990063,0.035,4.224,9022.75,99.57696954312644,75.31738257769408
4.1963950685868525,0.0393201021772382,23.13502994550893,0.035,4.224,9028.297,99.58099157111195,75.31738257769408
4.196709717085642,0.0345200820458665,23.141852364554115,0.035,4.219,9033.891,99.58455252677045,75.31738257769408
4.19644310310298,0.0345660447197137,23.141216955485127,0.035,4.224,9039.484,99.58811758634275,75.31738257769408
4.196685547693678,0.0365470559489487,23.136343388345143,0.035,4.224,9045.062,99.59187685351739,75.31738257769408
4.196594074138765,0.0356476297172731,23.131999011650144,0.035,4.224,9050.625,99.59553374440681,75.31738257769408
4.19659294859802,0.0377329066237279,23.133343511659053,0.035,4.224,9056.219,99.59942612239058,75.31738257769408
4.196458810727611,0.0369861273639134,23.1306142928673,0.035,4.224,9061.781,99.60321964022283,75.31738257769408
4.196594345844052,0.0357412752701996,23.122122120780727,0.033,4.224,9067.359,99.6068960239811,75.31738257769408
4.1964863663308725,0.0326999431646469,23.13174129314713,0.035,4.224,9072.937,99.61025957323999,75.31738257769408
4.196624329860737,0.034915314235862,23.13279588585977,0.033,4.224,9078.531,99.61386129949402,75.31738257769408
4.1965176612557,0.0353336669394696,23.13983000666644,0.035,4.224,9084.094,99.61748598269864,75.31738257769408
4.196782790460178,0.0352548365836795,23.127618106439616,0.035,4.224,9089.703,99.62113248448347,75.31738257769408
4.196758695871977,0.0350426811690091,23.1356104033771,0.033,4.224,9095.266,99.6247273170859,75.31738257769408
4.196566194712356,0.0366901991819133,23.13628495213824,0.035,4.224,9100.844,99.6285013081184,75.31738257769408
4.196583078066878,0.0354261693978182,23.13631785043755,0.033,4.224,9106.406,99.632134827357,75.31738257769408
4.196660782157172,0.0339877722846509,23.128432640473783,0.033,4.224,9112.0,99.63564087203778,75.31738257769408
4.196587707409901,0.0346143926057019,23.134157607539606,0.033,4.224,9117.562,99.63919113060663,75.31738257769408
4.196679384637378,0.0321782003467909,23.140708526091792,0.033,4.224,9123.172,99.64252000108054,75.31738257769408
4.1966731807047015,0.0386619216824398,23.135559385352924,0.033,4.224,9128.734,99.64648539837364,75.31738257769408
4.196702683543178,0.0326296265009652,23.138957165357198,0.033,4.224,9134.328,99.64985134208631,75.31738257769408
4.196609502665497,0.0388280147453984,23.12666600804164,0.033,4.224,9139.875,99.65382303476463,75.31738257769408
4.196689815861088,0.0360480287773593,23.13221807756033,0.033,4.224,9145.516,99.65757285031137,75.31738257769408
4.1969105822376775,0.0354318094947686,23.131483167789515,0.033,4.224,9151.109,99.66122720280173,75.31738257769408
4.196741617109807,0.0378400488325085,23.13168648173729,0.033,4.224,9156.687,99.66511946853338,75.31738257769408
4.196691546474768,0.035153260029302,23.13410147521868,0.033,4.224,9162.25,99.66872564480241,75.31738257769408
4.196498507361884,0.0372148015385601,23.12826004112824,0.033,4.224,9167.844,99.67256457710688,75.31738257769408
4.196690787013239,0.0369536391582088,23.133433908556164,0.033,4.224,9173.422,99.67636566584204,75.31738257769408
4.1965566275117085,0.0388800718806641,23.130850331409757,0.033,4.224,9179.0,99.68036490939734,75.31738257769408
4.196991803721689,0.0336323812897947,23.13476936796759,0.033,4.224,9184.562,99.68381444702825,75.31738257769408
4.196675279448957,0.0359527757567315,23.125901192373192,0.033,4.224,9190.203,99.68755435409261,75.31738257769408
4.1970263538528325,0.0331973989605847,23.129494449140203,0.033,4.224,9195.766,99.69095988951739,75.31738257769408
4.1967130028983215,0.0346533266433049,23.13547243138981,0.033,4.224,9201.375,99.69454417552463,75.31738257769408
4.196615418342359,0.0343494359781311,23.118492895168608,0.033,4.224,9206.937,99.69806725856135,75.31738257769408
4.196877424469735,0.038141145294544,23.12476507711872,0.033,4.219,9212.516,99.70199119872105,75.31738257769408
4.196644529090061,0.0376068607820647,23.12685789846989,0.033,4.224,9218.078,99.70584838267513,75.31738257769408
4.196958041835922,0.0351068248155244,23.12442168415481,0.033,4.224,9223.687,99.70947957520796,75.31738257769408
4.196923201431907,0.035642001048898,23.12795191710697,0.033,4.224,9229.25,99.71313588868377,75.31738257769408
4.196947457055472,0.0347153590964406,23.133639906917733,0.033,4.224,9234.859,99.7167265908731,75.31738257769408
4.196796282858076,0.0354074514354808,23.122381244017525,0.033,4.224,9240.422,99.72035884321635,75.31738257769408
4.197072081923304,0.0359266505176271,23.122805275366,0.033,4.224,9246.016,99.72406489493666,75.31738257769408
4.197130901838706,0.0311488954557031,23.12018162245185,0.033,4.224,9251.578,99.72725971144727,75.31738257769408
4.196953906980812,0.0337468382157357,23.128420233199996,0.033,4.224,9257.187,99.73075023693852,75.31738257769408
4.197057095310126,0.0346256820200672,23.11961700043166,0.033,4.224,9262.781,99.73432208587431,75.31738257769408
4.19591161558624,0.0252278799794639,23.121091205598542,0.024,4.219,9268.359,99.73691705114935,75.31738257769408
4.1960929658626185,0.0245149857525614,23.114606893802183,0.024,4.219,9273.937,99.7394386874025,75.31738257769408
4.195970943647252,0.0218040622517754,23.117036810444883,0.024,4.219,9279.531,99.74168790855876,75.31738257769408
4.1960553265391445,0.0239311778281153,23.116659814157835,0.024,4.219,9285.109,99.74414949373775,75.31738257769408
4.195944850963054,0.0261937123829657,23.12165841792427,0.024,4.219,9290.687,99.7468438055116,75.31738257769408
4.195746711987691,0.0218994315302716,23.112114500244584,0.024,4.219,9296.281,99.7491028645869,75.31738257769408
4.195764760742069,0.02545070633875,23.11945637442338,0.024,4.219,9301.859,99.75172075000684,75.31738257769408
4.195776735502378,0.0209855856276188,23.11336671073453,0.024,4.219,9307.578,99.75393391338031,75.31738257769408
4.196082288391243,0.0231550426152663,23.113815199491214,0.025,4.219,9313.141,99.75630925965314,75.31738257769408
4.195950500032083,0.0253144911093398,23.10782191725041,0.025,4.219,9318.797,99.7589495451286,75.31738257769408
4.195831259547432,0.0294017225261833,23.104680354329407,0.024,4.219,9324.359,99.76196516116225,75.31738257769408
4.1958311406195845,0.0256937042226572,23.102965664517203,0.025,4.219,9329.969,99.76462320332841,75.31738257769408
4.195915808699745,0.0246598011486811,23.11043528056098,0.024,4.219,9335.547,99.76715973543979,75.31738257769408
4.195774980554623,0.0234039286718709,23.11071880321488,0.024,4.219,9341.125,99.7695670872368,75.31738257769408
4.1957884010511695,0.0253471776547978,23.12339405880951,0.025,4.219,9346.703,99.7721743235915,75.31738257769408
4.195772580196016,0.0246685191486529,23.107937941001527,0.025,4.219,9352.578,99.77484685756703,75.31738257769408
4.1957939220376455,0.026364628590229,23.10706669002252,0.025,4.219,9358.156,99.777558749955,75.31738257769408
4.195614656963332,0.0266447772007067,23.1135185902076,0.025,4.219,9364.328,99.78059131618885,75.31738257769408
4.19583132038603,0.0247874563411391,23.11460626408737,0.025,4.219,9369.906,99.78314097904259,75.31738257769408
4.195657987848332,0.024552238483625,23.1068071637934,0.025,4.219,9375.547,99.78569497072245,75.31738257769408
4.195846526912772,0.023379224174545,23.11150407983407,0.025,4.219,9381.109,99.788092883403,75.31738257769408
4.195777653996654,0.0257273881459496,23.10827716398488,0.025,4.219,9386.687,99.79073922859375,75.31738257769408
4.195684713476971,0.0233571663857951,23.10287893255264,0.025,4.219,9392.266,99.7931422010921,75.31738257769408
4.1957849229877855,0.0250807961592148,23.106182457464307,0.025,4.219,9397.859,99.79572897470628,75.31738257769408
4.195981587891442,0.0237816401854323,23.099585049046382,0.025,4.214,9403.437,99.79817517829196,75.31738257769408
4.195764154115755,0.0238810727123797,23.104155509428207,0.025,4.219,9409.062,99.80065230739788,75.31738257769408
4.195895154789894,0.0246324415275559,23.10343931796314,0.025,4.219,9414.625,99.8031792117593,75.31738257769408
4.195722215524327,0.0281100126181421,23.094811741500287,0.025,4.219,9420.203,99.8060706361154,75.31738257769408
4.195711841001341,0.0252515547623392,23.1019408079496,0.025,4.219,9425.781,99.80866803660257,75.31738257769408
4.19584502396775,0.0250313979645668,23.1017656516873,0.025,4.219,9431.359,99.81124279153863,75.31738257769408
4.195467487723936,0.0299140266147301,23.107198086434565,0.025,4.219,9436.922,99.81431150416444,75.31738257769408
4.196604097557874,0.0357266022988722,23.10354429439995,0.035,4.224,9442.531,99.81800680193552,75.31738257769408
4.197017163580678,0.0364326117043966,23.103665760519988,0.033,4.224,9448.109,99.82175429725932,75.31738257769408
4.196673458143181,0.0364495326268673,23.091037533449686,0.033,4.224,9453.687,99.82550353308632,75.31738257769408
4.196911436660674,0.0372278304506881,23.093855327933923,0.033,4.224,9459.266,99.82933351191458,75.31738257769408
4.196688697727718,0.0360409626853873,23.091642439754114,0.033,4.224,9464.844,99.83304072182378,75.31738257769408
4.19688007975247,0.032978562473831,23.086003126970702,0.033,4.224,9470.437,99.83644205225603,75.31738257769408
4.196841758613272,0.0346559489782496,23.092348674700048,0.033,4.224,9476.016,99.84000743732557,75.31738257769408
4.197080077387803,0.034207407742656,23.087588665810763,0.033,4.224,9481.578,99.84351595309934,75.31738257769408
4.197028107950556,0.0341118932776839,23.09123109928219,0.033,4.224,9487.172,99.84703480161274,75.31738257769408
4.196952409464117,0.0343856001930501,23.08424865330436,0.033,4.224,9492.75,99.85057173926009,75.31738257769408
4.197066535524288,0.035245071222716,23.09589029578464,0.033,4.224,9498.328,99.85419708296769,75.31738257769408
4.197157021864892,0.0332739766222904,23.099409347321487,0.033,4.224,9503.891,99.85761047406633,75.31738257769408
4.196912730438421,0.0366471108649309,23.087735094762397,0.033,4.224,9509.406,99.86133745819491,75.31738257769408
4.197367143245367,0.0340838177781864,23.10424355914771,0.033,4.224,9514.922,99.86480438583037,75.31738257769408
4.1969759491708585,0.0367312130404651,23.104546971263847,0.033,4.224,9520.422,99.86852976296865,75.31738257769408
4.196944676953749,0.0348340310468742,23.09415659295879,0.033,4.224,9525.906,99.87205244517108,75.31738257769408
4.196907459640102,0.0346575703329264,23.099442276218447,0.033,4.224,9531.422,99.87557773359819,75.31738257769408
4.197221698232952,0.0326018376478162,23.10375547549761,0.033,4.224,9536.953,99.87890293552405,75.31738257769408
4.197211212042773,0.0365198287616999,23.09682811219338,0.033,4.224,9542.469,99.88261764859992,75.31738257769408
4.19628318865812,0.0243696268277883,23.09482385711687,0.024,4.219,9547.984,99.88509602166297,75.31738257769408
4.196243478639091,0.0238202634510477,23.094067566279826,0.024,4.219,9553.516,99.8875259922477,75.31738257769408
4.1962046927441685,0.0242284845909245,23.103292562752884,0.024,4.219,9559.031,99.88999001124942,75.31738257769408
4.19630824973298,0.0251789210022082,23.09906355971521,0.024,4.219,9564.547,99.8925511532442,75.31738257769408
4.196189740905702,0.0258306011576548,23.09477392432212,0.024,4.219,9570.062,99.89517810631837,75.31738257769408
4.196021129306243,0.0228853741525177,23.099690628671656,0.024,4.219,9575.562,99.89749920171957,75.31738257769408
4.196069823948201,0.0268940961298798,23.095694653065447,0.024,4.219,9581.047,99.90021943324412,75.31738257769408
4.195970450252857,0.0212162032106474,23.09332166933998,0.024,4.219,9586.5,99.90235284875689,75.31738257769408
4.196037052623357,0.0234689180816952,23.09902011293201,0.024,4.219,9592.031,99.90474654485604,75.31738257769408
4.19617918837332,0.0256451172207959,23.09903982249386,0.024,4.219,9597.562,99.90736220088417,75.31738257769408
4.195898845913887,0.0234072891803282,23.105529744774028,0.024,4.219,9603.078,99.90974313656041,75.31738257769408
4.195959189920218,0.0226333725746085,23.102640011124667,0.024,4.219,9608.594,99.91204535121761,75.31738257769408
4.195802423971771,0.0243895405747836,23.099983885114405,0.024,4.219,9614.109,99.91452574949403,75.31738257769408
4.196077733717544,0.0252136786510847,23.102284937473637,0.024,4.219,9619.625,99.91709042695699,75.31738257769408
4.195941679678727,0.0255325672606695,23.10128858257137,0.024,4.219,9625.109,99.919672474385,75.31738257769408
4.196000759146068,0.0285155330007681,23.098457279089207,0.024,4.219,9630.578,99.9225482943972,75.31738257769408
4.195868499255454,0.0256668652269775,23.09769858827209,0.024,4.214,9636.094,99.92515906895744,75.31738257769408
4.19606255484358,0.0268846342178624,23.098809341027835,0.024,4.219,9641.609,99.92789321641592,75.31738257769408
4.19594423507942,0.0264372223393572,23.1003118056743,0.024,4.219,9647.109,99.93057454968947,75.31738257769408
4.196134895365453,0.0264354597736754,23.09710531197007,0.024,4.219,9652.594,99.93324839195935,75.31738257769408
4.196029378404564,0.0243442659244099,23.096488228300885,0.024,4.214,9658.109,99.93572418583724,75.31738257769408
4.196055360305748,0.0276072272357222,23.10484106925224,0.024,4.219,9663.641,99.93854047501249,75.31738257769408
4.196023251313923,0.0289585401822671,23.117099995737387,0.024,4.219,9669.156,99.94148553717696,75.31738257769408
4.195974852951431,0.0243137491319791,23.119406343548256,0.024,4.219,9674.672,99.94395867587686,75.31738257769408
4.19612809262053,0.0259449627196746,23.12062070928956,0.024,4.219,9680.187,99.94659725943748,75.31738257769408
4.195866207403488,0.0210032212143348,23.118373089100107,0.024,4.219,9685.703,99.94873365884366,75.31738257769408
4.195984399387752,0.027086618706047,23.115228838876444,0.024,4.219,9691.219,99.95148884746587,75.31738257769408
4.19584454419662,0.0264506273376481,23.12344741853071,0.024,4.219,9696.75,99.9541866609423,75.31738257769408
4.196185507765687,0.0246995498445947,23.115549009805807,0.024,4.219,9702.266,99.95669904240428,75.31738257769408
4.195955648798387,0.0245138273195944,23.117952096903565,0.024,4.219,9707.781,99.95919208055093,75.31738257769408
4.196113110125841,0.0253622560009925,23.11812114246792,0.024,4.219,9713.297,99.96177187096055,75.31738257769408
4.195972548242692,0.0247570706746172,23.1182534840038,0.024,4.219,9718.812,99.96428964677688,75.31738257769408
4.195905689044309,0.0240480650658411,23.12097442505687,0.024,4.219,9724.328,99.96673576070398,75.31738257769408
4.196037909990888,0.0255838900605562,23.12063691207592,0.024,4.214,9729.859,99.96934517191015,75.31738257769408
4.1957829011952805,0.0222298822920037,23.11266202953141,0.024,4.219,9735.375,99.97160634446286,75.31738257769408
4.195899744956392,0.0258418821416807,23.124737170689237,0.024,4.219,9740.922,99.97424969398175,75.31738257769408
4.1962607542902655,0.0254604135257927,23.114690460406244,0.024,4.219,9746.437,99.97683899924695,75.31738257769408
4.196148050909481,0.0269064950180611,23.12069679809884,0.024,4.219,9751.953,99.97957586610144,75.31738257769408
4.196014692654567,0.0224474658580975,23.11108233521172,0.024,4.219,9757.5,99.98187200295985,75.31738257769408
4.196046507422856,0.0248898039902652,23.112128348685555,0.024,4.219,9763.0,99.98439639295643,75.31738257769408
4.196094795509435,0.0250346139795206,23.11255208918967,0.024,4.219,9768.516,99.9869428563724,75.31738257769408
4.195806091514797,0.0239428236765393,23.1209631213994,0.024,4.219,9774.047,99.98938488814557,75.31738257769408
4.1957500219185615,0.0248389566331894,23.10996608985241,0.024,4.219,9779.562,99.99191099170345,75.31738257769408
4.195933536728803,0.0259205993287997,23.11139035151441,0.024,4.219,9785.078,99.99454757551356,75.31738257769408
4.195920579867555,0.0252720734103564,23.11821162023741,0.024,4.219,9790.609,99.99712518319576,75.31738257769408
4.195857019262893,0.0249602470644682,23.11439218015113,0.024,4.219,9796.109,99.99965671771594,75.31738257769408
4.196184436477797,0.0227641145473273,23.112965610052967,0.024,4.219,9801.641,100.00197894764639,75.31738257769408
4.1958886710752665,0.0246757120547021,23.117777123923634,0.024,4.219,9807.172,100.00449572986379,75.31738257769408
4.19603213704667,0.0218813040240562,23.113416753669423,0.024,4.219,9812.687,100.00672104233412,75.31738257769408
4.195932766215532,0.0199417632671275,23.11518431497138,0.024,4.219,9818.203,100.00874947267666,75.31738257769408
4.166641164607848,-0.0011505752334528,23.1447911066405,-0.001,-0.007,9823.609,100.0086347726953,75.31738257769408
4.177729182922594,-0.0022959112600608,23.17075368705728,0.0,-0.007,9829.0,100.00840653009087,75.31738257769408
4.1806460687028295,-0.0010688443226059,23.192228730302627,0.0,-0.007,9834.391,100.00830027345273,75.31738257769408
4.182496921977549,0.002894942084026,23.213940569557383,0.0,-0.007,9839.812,100.00858966881798,75.31738257769408
4.183295619649421,0.0014707377252739,23.222616835841983,0.0,-0.007,9845.203,100.00873587874115,75.31738257769408
4.184209204478782,-0.0009658398770425,23.22197192010954,0.0,-0.007,9850.609,100.00863959488879,75.31738257769408
4.184880684833673,0.0014704034061262,23.218983669520117,0.0,-0.007,9856.016,100.00878620541556,75.31738257769408
4.185381924939247,-0.0005246230089722,23.213111214843284,0.0,-0.007,9861.406,100.00873406093042,75.31738257769408
4.185853325931895,-0.0018816309740024,23.20980898282325,0.0,-0.007,9866.797,100.00854700302378,75.31738257769408
4.186050584863013,0.0011530444512087,23.20772915593748,0.0,-0.007,9872.219,100.00866228936276,75.31738257769408
4.186122478952767,-0.0019676118544603,23.21041005007834,0.0,-0.007,9877.609,100.00846672015334,75.31738257769408
4.186482055236935,0.0008915703961124,23.21141045737728,0.0,-0.007,9883.0,100.00855535352204,75.31738257769408
4.186403249197904,-0.0030013419572665,23.207714049968875,0.0,-0.007,9888.406,100.00825615199524,75.31738257769408
4.186894165601836,-0.0035601228501376,23.210328159213432,0.0,-0.007,9893.812,100.00790124602065,75.31738257769408
4.186827216524165,-0.0015079076133036,23.216397020348143,0.0,-0.007,9899.219,100.00775089603604,75.31738257769408
4.186998887357938,0.0015780332121576,23.2152838108615,0.0,-0.007,9904.656,100.00790911107296,75.31738257769408
4.187229395250067,-0.0014352618891782,23.21528719983698,0.0,-0.007,9910.062,100.00776603089257,75.31738257769408
4.18751656485809,-0.0005007959890512,23.213895568031045,0.0,-0.007,9915.469,100.00771609768142,75.31738257769408
4.187544724324302,-0.0022364089130359,23.209235804080063,0.0,-0.007,9920.891,100.00749249190824,75.31738257769408
4.187636404441699,6.984249539626652e-05,23.20606445872185,0.0,-0.007,9926.297,100.00749945445418,75.31738257769408
4.187485603826024,-0.0005975429431459,23.20397742063434,0.0,-0.007,9931.703,100.00743988584671,75.31738257769408
4.18776463436886,0.0003425560783744,23.201559616760573,0.0,-0.007,9937.141,100.00747423714583,75.31738257769408
4.187713219354248,0.0001151664645281,23.208551954585037,0.0,-0.007,9942.547,100.00748571800422,75.31738257769408
4.1877153177095865,-0.0015036306783323,23.20303269339563,0.0,-0.007,9947.984,100.00733496263265,75.31738257769408
4.187813232297126,0.0013480312363258,23.19062355719541,0.0,-0.007,9953.375,100.00746897397951,75.31738257769408
4.187663017679615,-0.002999032094694,23.199143225698027,0.0,-0.007,9958.781,100.00717000272117,75.31738257769408
4.1877376183319015,-0.0012282426083087,23.203473539536727,0.0,-0.007,9964.219,100.00704683535714,75.31738257769408
4.187949752063496,-0.0017616509855103,23.188974494811287,0.0,-0.007,9969.625,100.00687121769276,75.31738257769408
4.18749202082845,-0.004302992879084,23.19882214057064,0.0,-0.007,9975.031,100.0064422555626,75.31738257769408
4.187997709175929,-0.002812212309552,23.196724370967747,0.0,-0.007,9980.469,100.00616024875475,75.31738257769408
4.188221922313897,0.0004905309993175,23.19786812139636,0.0,-0.007,9985.875,100.00620914942186,75.31738257769408
4.187993312544664,0.003200915187789,23.196111694224435,0.0,-0.007,9991.281,100.0065282462542,75.31738257769408
4.187704466200684,-0.0035399457648048,23.20130666914542,0.0,-0.007,9996.719,100.00617326281225,75.31738257769408
4.1881238633508175,-0.0030477373058375,23.196584259296632,0.0,-0.007,10002.125,100.00586943616796,75.31738257769408
4.188026070986189,0.0020216485246379,23.19634061217035,0.0,-0.007,10007.531,100.00607097279186,75.31738257769408
4.188353026616979,-0.0040423750013469,23.199028232489,0.0,-0.007,10012.969,100.00566560607524,75.31738257769408
4.188304110506272,0.0020497159288942,23.196327175468927,0.0,-0.007,10018.375,100.0058699407176,75.31738257769408
4.18815079306083,-0.0034551152412303,23.19568396780322,0.0,-0.007,10023.781,100.00552550287274,75.31738257769408
4.187970893585132,-0.0020492298948363,23.183268743058107,0.0,-0.007,10029.219,100.00532000744151,75.31738257769408
4.188062526722884,0.0002718677573266,23.18806496551856,0.0,-0.007,10034.625,100.00534710973416,75.31738257769408
4.188050336643432,0.0035496582514267,23.19147676361947,0.0,-0.007,10040.047,100.00570201981932,75.31738257769408
4.188116847223815,-0.0046118395502813,23.18450602099471,0.0,-0.007,10045.484,100.0052396326154,75.31738257769408
4.18800302752634,-0.0032104550360256,23.18443333039876,0.0,-0.007,10050.906,100.0049186375253,75.31738257769408
4.188510374843775,-0.001220908411069,23.183162261308556,0.0,-0.007,10056.297,100.00479726379436,75.31738257769408
4.1882274435613,-0.0033402481595242,23.17989819780713,0.0,-0.007,10061.719,100.00446329143004,75.31738257769408
4.1881705353961625,-0.0018398934013892,23.172314390091355,0.0,-0.007,10067.109,100.00428041669429,75.31738257769408
4.1881104403442375,-0.0003039534139106,23.168499101829475,0.0,-0.007,10072.5,100.00425019988232,75.31738257769408
4.1879654206652415,0.0009077005804089,23.178097276341894,0.0,-0.007,10077.906,100.00434068787185,75.31738257769408
4.187977217467067,-0.0006527467780957,23.174736835848854,0.0,-0.007,10083.312,100.00427561603551,75.31738257769408
4.188024834379606,-0.0007826616067723,23.169738509843874,0.0,-0.007,10088.703,100.0041978095773,75.31738257769408
4.188179288472354,0.0010028639229869,23.168312455624516,0.0,-0.007,10094.109,100.004297784329,75.31738257769408
4.188110479486022,-0.0031878346332131,23.169121076470308,0.0,-0.007,10099.5,100.00398087326545,75.31738257769408
4.188019343516309,0.0002454305373609,23.16765574564969,0.0,-0.007,10104.906,100.00400534005149,75.31738257769408
4.188342344886104,-0.004976821900506,23.168776396390573,0.0,-0.007,10110.312,100.00350920441201,75.31738257769408
4.188061821873468,0.0010242796966553,23.168306111066546,0.0,-0.007,10115.703,100.00361103076291,75.31738257769408
4.188122634741364,0.0012178589656497,23.172757329984176,0.0,-0.007,10121.094,100.00373210134043,75.31738257769408
4.188039350796784,0.0002318809539038,23.16902584462766,0.0,-0.007,10126.516,100.00375528579461,75.31738257769408
4.188050155929506,-0.0021196369936192,23.15874305946304,0.0,-0.007,10131.906,100.00354460616788,75.31738257769408
4.188180649860263,0.0009742681157587,23.161405046140377,0.0,-0.007,10137.297,100.0036414607354,75.31738257769408
4.188014391263403,-0.003261789851727,23.166217455233294,0.0,-0.007,10142.719,100.00331533296982,75.31738257769408
4.188176626577441,-0.003295635521191,23.163287796898285,0.0,-0.007,10148.109,100.00298776590827,75.31738257769408
4.188514545088952,-0.0012146518084855,23.15167388137777,0.0,-0.007,10153.5,100.00286701416272,75.31738257769408
4.1879787656626135,0.0027529109517604,23.16093894048056,0.0,-0.007,10158.922,100.0031422620292,75.31738257769408
4.188050052014388,0.0013708800625001,23.171336079614075,0.0,-0.007,10164.312,100.00327851955855,75.31738257769408
4.188265646425696,0.0001190896203619,23.16549450093007,0.0,-0.007,10169.703,100.00329035857236,75.31738257769408
4.18795690780602,0.0009777056681407,23.16476551702464,0.0,-0.007,10175.109,100.00338782531652,75.31738257769408
4.188102047155876,-0.0042485829841085,23.15737288418936,0.0,-0.007,10180.516,100.00296420892205,75.31738257769408
4.188086899946076,0.0019167062596084,23.15423644048952,0.0,-0.007,10185.906,100.00315471841053,75.31738257769408
4.1876497966889925,-0.0030151415814918,23.15622178242541,0.0,-0.007,10191.312,100.00285414120953,75.31738257769408
4.187925693657063,-0.0035460683055955,23.15860975021736,0.0,-0.007,10196.719,100.00250057093074,75.31738257769408
4.188133695451613,-0.0035728611959549,23.14472505851126,0.0,-0.007,10202.125,100.00214439508002,75.31738257769408
4.188048312540198,-0.0023884759743648,23.14976306547546,0.0,-0.007,10207.531,100.00190628970303,75.31738257769408
4.188005561442027,-0.0016490914730592,23.14897740647924,0.0,-0.007,10212.922,100.00174234916257,75.31738257769408
4.188139918912444,-0.0005781942416828,23.15160847753799,0.0,-0.007,10218.344,100.00168453881773,75.31738257769408
4.188103907618319,-0.00290417221945,23.1389238724239,0.0,-0.007,10223.734,100.00139588093855,75.31738257769408
4.18797461361546,-0.0007376652022204,23.145912893129218,0.0,-0.007,10229.125,100.00132254769179,75.31738257769408
4.187856298198284,-0.0003046761117832,23.14398617503749,0.0,-0.007,10234.547,100.00129208486493,75.31738257769408
4.188118817362026,0.0008027605715396,23.141601543222475,0.0,-0.007,10239.937,100.00137187461102,75.31738257769408
4.1876959728297445,-0.0003673743065074,23.1351284242294,0.0,-0.007,10245.344,100.00133524456763,75.31738257769408
4.188055104710116,-0.0001385550083521,23.143540936273958,0.0,-0.007,10250.75,100.00132143212284,75.31738257769408
4.18780845906078,0.0011087828300371,23.133196089519316,0.0,-0.007,10256.141,100.00143165915351,75.31738257769408
4.188012170362062,0.0014259396719128,23.146370609617883,0.0,-0.007,10261.531,100.0015733892888,75.31738257769408
4.187829899310029,0.0007937690773355,23.1321114361326,0.0,-0.007,10266.953,100.00165275373205,75.31738257769408
4.187896981785363,0.0018579859725492,23.13718394875607,0.0,-0.007,10272.344,100.0018374610266,75.31738257769408
4.188161932489043,-0.0013083414854001,23.138633189061927,0.0,-0.007,10277.734,100.00170741946918,75.31738257769408
4.187732758268593,0.0004617927272878,23.13710920679073,0.0,-0.007,10283.141,100.0017534637552,75.31738257769408
4.188081161829559,-0.0013688880048857,23.139248431826147,0.0,-0.007,10288.531,100.00161740422482,75.31738257769408
4.187682259159791,-0.0011359224352016,23.13498500334149,0.0,-0.007,10293.922,100.00150447917429,75.31738257769408
4.187775292768231,-0.0007128193416777,23.13497711277792,0.0,-0.007,10299.344,100.00143320843344,75.31738257769408
4.187965602758691,-0.0010904484032858,23.133501069173303,0.0,-0.007,10304.734,100.00132482418496,75.31738257769408
4.188098824516819,-0.0009088656983855,23.13939960176968,0.0,-0.007,10310.141,100.00123420328579,75.31738257769408
4.187787217224902,-0.0006951839292644,23.128496447286626,0.0,-0.007,10315.547,100.00116490092172,75.31738257769408
4.187548418857797,-0.0024236202844627,23.13231990807708,0.0,-0.007,10320.937,100.00092400711847,75.31738257769408
4.187991281593747,0.001893257983881,23.13050093255471,0.0,-0.007,10326.344,100.00111277949833,75.31738257769408
4.187820456911632,5.16736509116791e-05,23.124546078661737,0.0,-0.007,10331.75,100.00111793080579,75.31738257769408
4.187822471357125,-0.0007293407714043,23.12848750500128,0.0,-0.007,10337.141,100.0010454251127,75.31738257769408
4.187894553366864,-0.0004239330051583,23.1277890086187,0.0,-0.007,10342.531,100.0010032886301,75.31738257769408
4.187678394584608,0.0001567624292238,23.11812143169596,0.0,-0.007,10347.953,100.00101896241141,75.31738257769408
4.187854295635069,-0.0019284471910295,23.119190110699737,0.0,-0.007,10353.344,100.00082725038095,75.31738257769408
4.187557843961882,0.0035832322801399,23.11705958145232,0.0,-0.007,10358.734,100.00118340289272,75.31738257769408
4.187707157880914,9.899140697507368e-05,23.12594139746854,0.0,-0.007,10364.125,100.00119324389003,75.31738257769408
4.1877688617453925,-0.0009139728177067,23.126190258309265,0.0,-0.007,10369.547,100.00110186096029,75.31738257769408
4.187751144460985,-0.0031939566073902,23.119595440926155,0.0,-0.007,10374.953,100.00078345782359,75.31738257769408
4.187781333925695,-0.0016605493528711,23.12832572943685,0.0,-0.007,10380.391,100.00061693902246,75.31738257769408
4.187801887072766,-0.0005232247358627,23.123078301410672,0.0,-0.007,10385.797,100.0005647791413,75.31738257769408
4.187661097662781,-0.001543102996561,23.120845764757988,0.0,-0.007,10391.219,100.00041049307285,75.31738257769408
4.1876852915528815,-0.0041055754253686,23.12023713166931,0.0,-0.007,10396.641,99.99999999999979,75.31738257769408
